#Columns: M_EDO [M_sun], f_EDO
228.89308463368545 1.
247.5327529401797 0.8159679819824944
267.69032308775496 0.6665801133297282
289.4894038210124 0.5451624633938884
313.06366983304196 0.4465922059051264
338.5576814753795 0.3661200243704148
366.1277712201886 0.3003355487373908
395.94300231055587 0.2465496090513937
428.18620547747327 0.20244312697261088
463.05510008077454 0.16624524263097515
500.7635065490139 0.13650843788051428
541.5426575531113 0.11204638731017408
585.642615954047 0.0919306322136713
633.3338082196462 0.07536739731167655
684.9086827135422 0.06171841853005967
740.6835030251714 0.05049479860362181
801.0002873377098 0.041255630031479265
866.2289057264037 0.0336403629134301
936.7693482481934 0.027391465050853082
1013.0541777308375 0.022262065547617074
1095.5511823023437 0.018040241632072393
1184.7662439263509 0.014590592910410238
1281.246440533691 0.011774353230175902
1385.5834007727674 0.009491245063721319
1498.4169319505274 0.007641282861952557
1620.4389434109935 0.006143729107370242
1752.3976894100074 0.004907797719689371
1895.1023575040404 0.0039046764751187713
2049.428030589631 0.0030938374605684405
2216.3210530212973 0.0024311485987844306
2396.8048337136274 0.0018992354626244377
2591.9861218129267 0.001475687994313362
2803.0617934215707 0.0011353863941136425
3031.326190992172 0.0008616379909748389
3278.1790603975946 0.0006476635967557213
3545.134134347935 0.0004821346546631051
3833.8284147890804 0.00035634856997930533
4146.032211203664 0.0002620101696594635
4483.659996370503 0.00019125781190813988
4848.782146151454 0.00013867799987011035
5243.637635295466 0.0001000323332306024
5670.647767112149 0.00007161611704903286
6132.431021206919 0.000050968256645989634
6631.8191103258505 0.00003616388852772769
7171.8743447728575 0.000025577387594229298
7755.908410880026 0.000018035792374828606
8387.502678682895 0.00001270318775010861
9070.530163330079 8.937616315386847e-6
9809.179274897182 6.286665006083224e-6
10607.97950224191 4.4246248551278054e-6
11471.829188396996 3.1162340253438683e-6
12406.025567823175 2.2010238381763557e-6
13416.297249714256 1.5582460220076096e-6
14508.83934654617 1.1280300314688925e-6
15690.351463282412 1.1280300314688925e-6
16968.078780190874 1.1280300314688925e-6
18349.856481196504 1.1280300314688925e-6
19844.157800210403 1.1280300314688925e-6
21460.14598006137 1.1280300314688925e-6
23207.730462648316 1.1280300314688925e-6
25097.62765487928 1.1280300314688925e-6
27141.42664302055 1.1280300314688925e-6
29351.660258424767 1.1280300314688925e-6
31741.881930423006 1.1280300314688925e-6
34326.748797649954 1.1280300314688925e-6
37122.11158745432 1.1280300314688925e-6
40145.11181454376 1.1280300314688925e-6
43414.28689489948 1.1280300314688925e-6
46949.68381953351 1.1280300314688925e-6
50772.98208514697 1.1280300314688925e-6
54907.62663551988 1.1280300314688925e-6
59378.97162884227 1.1280300314688925e-6
64214.435912587025 1.1280300314688925e-6
69443.67115931716 1.1280300314688925e-6
75098.74369445498 1.1280300314688925e-6
81214.33113100553 1.1280300314688925e-6
87827.9350170226 1.1280300314688925e-6
94980.11079979723 1.1280300314688925e-6
102714.71651694064 1.1280300314688925e-6
111079.18173936286 1.1280300314688925e-6
120124.79841534064 1.1280300314688925e-6
129907.03539917033 1.1280300314688925e-6
140485.87859312582 1.1280300314688925e-6
151926.19878852638 1.1280300314688925e-6
164298.14946155236 1.1280300314688925e-6
177677.5969631453 1.1280300314688925e-6
192146.58574097705 1.1280300314688925e-6
207793.84144627277 1.1280300314688925e-6
224715.3150106199 1.1280300314688925e-6
243014.7710290959 1.1280300314688925e-6
262804.4240577582 1.1280300314688925e-6
284205.62672736077 1.1280300314688925e-6
307349.6138928765 1.1280300314688925e-6
332378.30738206895 1.1280300314688925e-6
359445.18627791194 1.1280300314688925e-6
388716.22807154554 1.1280300314688925e-6
420370.92645704176 1.1280300314688925e-6
454603.3920092134 1.1280300314688925e-6
491623.54249396885 1.1280300314688925e-6
531658.3901103433 1.1280300314688925e-6
574953.4335577289 1.1280300314688925e-6
621774.163464651 1.1280300314688925e-6
672407.6904105486 1.1280300314688925e-6
727164.5055237984 1.1280300314688925e-6
786380.3844522139 1.1280300314688925e-6
850418.4463813489 1.1280300314688925e-6
919671.3807268353 1.1280300314688925e-6
994563.8551550534 1.1280300314688925e-6
1.075555119698437e6 1.1280300314688925e-6
1.1631418229342091e6 1.1280300314688925e-6
1.2578610574956278e6 1.1280300314688925e-6
1.360293653591299e6 1.1280300314688925e-6
1.4710677407287494e6 1.1280300314688925e-6
1.590862599483218e6 1.1280300314688925e-6
1.7204128269312482e6 1.1280300314688925e-6
1.8605128412919147e6 1.1280300314688925e-6
2.0120217533988678e6 1.1280300314688925e-6
2.1758686348755467e6 1.1280300314688925e-6
2.3530582153187115e6 1.1280300314688925e-6
2.5446770434261872e6 1.1280300314688925e-6
2.7519001498495354e6 1.1280300314688925e-6
2.9759982526291693e6 1.1280300314688925e-6
3.218345549396527e6 1.1280300314688925e-6
3.4804281441260176e6 1.1280300314688925e-6
3.763853160110747e6 1.1280300314688925e-6
4.070358595043794e6 1.1280300314688925e-6
4.401823978637741e6 1.1280300314688925e-6
4.76028189813622e6 1.1280300314688925e-6
5.147930462393499e6 1.1280300314688925e-6
5.56714678095322e6 1.1280300314688925e-6
6.020501540781834e6 1.1280300314688925e-6
6.510774770043033e6 1.1280300314688925e-6
7.040972885578559e6 1.1280300314688925e-6
7.614347128632861e6 1.1280300314688925e-6
8.23441350187154e6 1.1280300314688925e-6
8.904974329950046e6 1.1280300314688925e-6
9.63014157584458e6 1.1280300314688925e-6
1.0414362055924153e7 1.1280300314688925e-6
1.1262444708385369e7 1.1280300314688925e-6
1.2179590082263736e7 1.1280300314688925e-6
1.3171422227851672e7 1.1280300314688925e-6
1.4244023184079116e7 1.1280300314688925e-6
1.540397027433811e7 1.1280300314688925e-6
1.6658376439453436e7 1.1280300314688925e-6
1.8014933855126634e7 1.1280300314688925e-6
1.9481961101320583e7 1.1280300314688925e-6
2.1068454172833838e7 1.1280300314688925e-6
2.2784141643867217e7 1.1280300314688925e-6
2.463954432485921e7 1.1280300314688925e-6
2.6646039777413223e7 1.1280300314688925e-6
2.881593208293e7 1.1280300314688925e-6
3.1162527292775996e7 1.1280300314688925e-6
3.370021502265657e7 1.1280300314688925e-6
3.6444556691541605e7 1.1280300314688925e-6
3.9412380946235605e7 1.1280300314688925e-6
4.262188685674712e7 1.1280300314688925e-6
4.6092755515265666e7 1.1280300314688925e-6
4.9846270723083556e7 1.1280300314688925e-6
5.390544950553106e7 1.1280300314688925e-6
5.8295183255257905e7 1.1280300314688925e-6
6.304239036937092e7 1.1280300314688925e-6
6.817618131641585e7 1.1280300314688925e-6
7.372803714541622e7 1.1280300314688925e-6
7.973200253160873e7 1.1280300314688925e-6
8.622489454265478e7 1.1280300314688925e-6
9.324652840551114e7 1.1280300314688925e-6
1.0083996165838748e8 1.1280300314688925e-6
1.0905175818496227e8 1.1280300314688925e-6
1.179322737499512e8 1.1280300314688925e-6
1.2753596478696002e8 1.1280300314688925e-6
1.379217223321565e8 1.1280300314688925e-6
1.491532331514807e8 1.1280300314688925e-6
1.612993702758693e8 1.1280300314688925e-6
1.744346153393021e8 1.1280300314688925e-6
1.886395153095169e8 1.1280300314688925e-6
2.0400117641209906e8 1.1280300314688925e-6
2.2061379827676436e8 1.1280300314688925e-6
2.385792515812869e8 1.1280300314688925e-6
2.5800770273525634e8 1.1280300314688925e-6
2.790182894342925e8 1.1280300314688925e-6
3.017398512273179e8 1.1280300314688925e-6
3.263117195768109e8 1.1280300314688925e-6
3.528845722567759e8 1.1280300314688925e-6
3.8162135732772696e8 1.1280300314688925e-6
4.12698292354605e8 1.1280300314688925e-6
4.4630594499495286e8 1.1280300314688925e-6
4.826504015836528e8 1.1280300314688925e-6
5.2195453088014495e8 1.1280300314688925e-6
5.644593507275777e8 1.1280300314688925e-6
6.104255060043939e8 1.1280300314688925e-6
6.601348669313732e8 1.1280300314688925e-6
7.138922575351347e8 1.1280300314688925e-6
7.720273248672271e8 1.1280300314688925e-6
8.3489656044114e8 1.1280300314688925e-6
9.028854862829176e8 1.1280300314688925e-6
9.764110190005014e8 1.1280300314688925e-6
1.0559240263685557e9 1.1280300314688925e-6
1.1419120921061723e9 1.1280300314688925e-6
1.234902505801275e9 1.1280300314688925e-6
1.3354654963163998e9 1.1280300314688925e-6
1.4442177285035024e9 1.1280300314688925e-6