#Columns: M_EDO [M_sun], f_EDO
369.89685807639864 1.
402.32835581123766 0.8112504604356445
437.6033544365531 0.6585573199325114
475.97116397127417 0.5349398223471912
517.7029532231704 0.43482866855722874
563.0936663048936 0.3537181564610961
612.4641071846517 0.28787590156436604
666.163207004328 0.2343964869797192
724.5704901895542 0.19095733620412306
788.0987567812651 0.15563558761631163
857.1969999463954 0.1268864810132222
932.353579287576 0.10347721508271647
1014.0996723795286 0.0844157510901177
1103.0130289262995 0.06887769130793811
1199.7220540722572 0.05620729201896298
1304.9102497260956 0.04587296510328726
1419.3210452874332 0.03744109555461781
1543.763051917673 0.030558731560739547
1679.115777490312 0.024940559560262275
1826.335842611712 0.020353214800702228
1986.463741644808 0.01660659062059781
2160.6311965199916 0.013547154688521858
2350.069155307105 0.011048638368977255
2556.116492079332 0.009003748745761007
2780.229469556241 0.007333182578344642
3023.9920314042865 0.0059701984018954565
3289.126996936765 0.004858961620769671
3577.508237333028 0.003952549918272724
3891.173919433709 0.00321411285948558
4232.340910714057 0.0026127129021306698
4603.420447244046 0.0021229026841840803
5007.035175370418 0.001724019439297896
5446.037687564624 0.001399533147214161
5923.530683440842 0.0011359080759531985
6442.8888984343375 0.0009228146495388973
7007.782955123601 0.0007503307495095771
7622.205305768143 0.0006099623602145377
8290.498449413717 0.0004954607445417042
9017.385622992557 0.00040180832588479845
9808.004183331479 0.0003254381880142646
10667.941915998837 0.0002632237394378663
11603.276527607384 0.00021253532356486102
12620.618600688971 0.00017118062191077356
13727.158314729939 0.00013760558959391314
14930.716263573046 0.00011033550717650752
16239.79872834372 0.0000879860841839518
17663.657796548454 0.00006983735024950716
19212.356752243322 0.000055291234898376205
20896.841199425595 0.00004368851075026827
22729.01642132079 0.00003442515742397633
24721.831522310196 0.000027075731060970614
26889.37094718219 0.000021260578477475038
29246.954024529303 0.00001666603494691788
31811.243237825493 0.000013036579038308446
34600.36198940148 0.000010184362258604752
37634.022689628655 7.946360222643055e-6
40933.666076595415 6.19126355709765e-6
44522.612750934386 4.817438478992447e-6
48426.227996789785 3.745117860130214e-6
52672.10105381452 2.9090594676182822e-6
57290.24010722377 2.2573283884159423e-6
62313.28437401788 1.7504525211739933e-6
67776.7347843183 1.3567253485172243e-6
73719.20488818262 1.0510955279792605e-6
80182.69376121172 1.0474268405222325e-6
87212.88283773782 1.0474268405222325e-6
94859.45876949826 1.0474268405222325e-6
103176.46459163376 1.0474268405222325e-6
112222.68167791446 1.0474268405222325e-6
122062.04518470888 1.0474268405222325e-6
132764.09591988998 1.0474268405222325e-6
144404.4718303135 1.0474268405222325e-6
157065.44258151145 1.0474268405222325e-6
170836.4910078046 1.0474268405222325e-6
185814.94554229264 1.0474268405222325e-6
202106.66809650106 1.0474268405222325e-6
219826.80225134088 1.0474268405222325e-6
239100.58704731436 1.0474268405222325e-6
260064.2421255147 1.0474268405222325e-6
282865.9304752552 1.0474268405222325e-6
307666.8055926551 1.0474268405222325e-6
334642.1504510918 1.0474268405222325e-6
363982.6163333261 1.0474268405222325e-6
395895.5702808739 1.0474268405222325e-6
430606.5606838934 1.0474268405222325e-6
468360.9113697868 1.0474268405222325e-6
509425.45545693627 1.0474268405222325e-6
554090.4212277691 1.0474268405222325e-6
602671.4833497751 1.0474268405222325e-6
655511.9939417123 1.0474268405222325e-6
712985.4092533098 1.0474268405222325e-6
775497.9291093074 1.0474268405222325e-6
843491.367772378 1.0474268405222325e-6
917446.2765151174 1.0474268405222325e-6
997885.339970182 1.0474268405222325e-6
1.0853770702627052e6 1.0474268405222325e-6
1.1805398250336603e6 1.0474268405222325e-6
1.2840461777520133e6 1.0474268405222325e-6
1.3966276712033364e6 1.0474268405222325e-6
1.5190799877506916e6 1.0474268405222325e-6
1.652268572909207e6 1.0474268405222325e-6
1.7971347519795403e6 1.0474268405222325e-6
1.954702382970304e6 1.0474268405222325e-6
2.1260850928296354e6 1.0474268405222325e-6
2.3124941481288774e6 1.0474268405222325e-6
2.515247015825256e6 1.0474268405222325e-6
2.735776674607729e6 1.0474268405222325e-6
2.975641742634991e6 1.0474268405222325e-6
3.2365374932445423e6 1.0474268405222325e-6
3.5203078364876364e6 1.0474268405222325e-6
3.828958351170844e6 1.0474268405222325e-6
4.1646704595098174e6 1.0474268405222325e-6
4.529816844576021e6 1.0474268405222325e-6
4.926978219501136e6 1.0474268405222325e-6
5.358961566957277e6 1.0474268405222325e-6
5.828819977822632e6 1.0474268405222325e-6
6.33987422924451e6 1.0474268405222325e-6
6.895736254605184e6 1.0474268405222325e-6
7.500334671267281e6 1.0474268405222325e-6
8.157942546518546e6 1.0474268405222325e-6
8.873207597955445e6 1.0474268405222325e-6
9.651185041749822e6 1.0474268405222325e-6
1.0497373320957571e7 1.0474268405222325e-6
1.141775296638316e7 1.0474268405222325e-6
1.2418828864653496e7 1.0474268405222325e-6
1.3507676232235558e7 1.0474268405222325e-6
1.4691990620324206e7 1.0474268405222325e-6
1.5980142304015737e7 1.0474268405222325e-6
1.7381235440167893e7 1.0474268405222325e-6
1.8905172412052315e7 1.0474268405222325e-6
2.056272381556161e7 1.0474268405222325e-6
2.2365604581606854e7 1.0474268405222325e-6
2.4326556772708926e7 1.0474268405222325e-6
2.645943963895807e7 1.0474268405222325e-6
2.877932756982214e7 1.0474268405222325e-6
3.130261663408895e7 1.0474268405222325e-6
3.40471404609264e7 1.0474268405222325e-6
3.7032296281061046e7 1.0474268405222325e-6
4.027918201888761e7 1.0474268405222325e-6
4.381074540442173e7 1.0474268405222325e-6
4.765194615896192e7 1.0474268405222325e-6
5.1829932400726244e7 1.0474268405222325e-6
5.637423251723015e7 1.0474268405222325e-6
6.131696386048535e7 1.0474268405222325e-6
6.669305973999593e7 1.0474268405222325e-6
7.254051631785206e7 1.0474268405222325e-6
7.89006611508762e7 1.0474268405222325e-6
8.581844527777849e7 1.0474268405222325e-6
9.334276091567673e7 1.0474268405222325e-6
1.0152678701133807e8 1.0474268405222325e-6
1.1042836508936441e8 1.0474268405222325e-6
1.2011040805367096e8 1.0474268405222325e-6
1.3064134483150826e8 1.0474268405222325e-6
1.420956040025988e8 1.0474268405222325e-6
1.5455413983149475e8 1.0474268405222325e-6
1.681050044209416e8 1.0474268405222325e-6
1.828439700300164e8 1.0474268405222325e-6
1.988752059553366e8 1.0474268405222325e-6
2.1631201475927618e8 1.0474268405222325e-6
2.352776330485642e8 1.0474268405222325e-6
2.5590610246285912e8 1.0474268405222325e-6
2.7834321702910805e8 1.0474268405222325e-6
3.027475535772233e8 1.0474268405222325e-6
3.2929159249966216e8 1.0474268405222325e-6
3.5816293677598625e8 1.0474268405222325e-6
3.8956563787801766e8 1.0474268405222325e-6
4.23721637926557e8 1.0474268405222325e-6
4.6087233829227656e8 1.0474268405222325e-6
5.012803057270494e8 1.0474268405222325e-6
5.452311280839899e8 1.0474268405222325e-6
5.930354327417129e8 1.0474268405222325e-6
6.450310819982679e8 1.0474268405222325e-6
7.015855609509029e8 1.0474268405222325e-6
7.630985747383178e8 1.0474268405222325e-6
8.300048735016694e8 1.0474268405222325e-6
9.027773250300763e8 1.0474268405222325e-6
9.819302568068844e8 1.0474268405222325e-6
1.0680230910769851e9 1.0474268405222325e-6
1.1616642986264281e9 1.0474268405222325e-6
1.2635156992181118e9 1.0474268405222325e-6
1.3742971390773876e9 1.0474268405222325e-6
1.4947915784861655e9 1.0474268405222325e-6
1.6258506254427574e9 1.0474268405222325e-6
1.7684005544971497e9 1.0474268405222325e-6
1.9234488533005335e9 1.0474268405222325e-6
2.092091343137554e9 1.0474268405222325e-6
2.2755199237664495e9 1.0474268405222325e-6
2.4750309973046036e9 1.0474268405222325e-6
2.69203463069626e9 1.0474268405222325e-6
2.928064521519235e9 1.0474268405222325e-6
3.1847888375649257e9 1.0474268405222325e-6
3.4640220068017793e9 1.0474268405222325e-6
3.767737541048952e9 1.0474268405222325e-6
4.0980819839929876e9 1.0474268405222325e-6
4.457390082126663e9 1.0474268405222325e-6
4.848201285832338e9 1.0474268405222325e-6
5.273277697233052e9 1.0474268405222325e-6
5.735623591659816e9 1.0474268405222325e-6
6.238506650705385e9 1.0474268405222325e-6
6.785481056931191e9 1.0474268405222325e-6
7.380412613452292e9 1.0474268405222325e-6