#Columns: M_EDO [M_sun], f_EDO
960.6481675848728 1.
1049.0938924421312 0.8084294826941475
1145.6827091299726 0.6537120993350684
1251.1643423486978 0.5287281432380521
1366.3575430527515 0.4277392910181603
1492.1564436151746 0.34614531266509135
1629.5374981044204 0.28018656381847445
1779.5670615441438 0.2268473444153845
1943.409666986336 0.1837032867928846
2122.3370646446715 0.14880474971632196
2317.7380932500146 0.12056816100665654
2531.129460249803 0.09771068182537886
2764.167514527439 0.07920348717259383
3018.6611030218583 0.06421671987353415
3296.5856110406503 0.052080299973236245
3600.0982952479394 0.04224627475198249
3931.5550283421117 0.03427616567053278
4293.528585395918 0.02781532941965095
4688.8286137979885 0.022578796252644855
5120.523441802933 0.018331744029433942
5591.9638949684595 0.014886468264402252
6106.809305343326 0.012090771661654271
6669.055915290065 0.009820221890215742
7283.067896413533 0.00797261613805338
7953.6112243650805 0.0064729821919718095
8685.890672459323 0.00525688640659047
9485.590211248786 0.00427093684359117
10358.917127638997 0.0034715640438814574
11312.650205997643 0.0028230353939478836
12354.192345240484 0.0022967381509142
13491.628020309592 0.0018696012739885539
14733.786034060595 0.0015230753989745327
16090.308046641328 0.001241556013802087
17571.723414287906 0.0010132415009511389
19189.530918439174 0.0008283614512964955
20956.28801955253 0.0006783049982492669
22885.708328411933 0.0005557877854886212
24992.768051501796 0.0004556719095537692
27293.822236679414 0.0003738013482165769
29806.731721446657 0.0003068475897676606
32551.00176919673 0.00025201674574237766
35547.933469534546 0.00020707012551305054
38820.78907784212 0.00017020524095512962
42394.97257746046 0.00013996079032907942
46298.2268660144 0.0001151313668394798
50560.849096445716 0.0000945975509476283
55215.92584423805 0.00007764579357037478
60299.58992620461 0.00006371943196751825
65851.30086427534 0.000052319251303473485
71914.15117124749 0.000042980084201437156
78535.20083589859 0.00003532767507137137
85765.84260374193 0.000029055666619807036
93662.20088874474 0.000023921584323041416
102285.56741236766 0.000019711473541428026
111702.8769513706 0.000016256811522835756
121987.2268871468 0.000013420376958960232
133218.44458934208 0.000011093891254058189
145483.70703780247 9.182765024726737e-6
158878.2174923727 7.610185436016785e-6
173505.94446287194 6.315026035977363e-6
189480.4287151473 5.248797060089905e-6
206925.664577209 4.370657431234143e-6
225977.0623861623 3.645113277618211e-6
246782.49954647623 3.0449383369076585e-6
269503.4683579277 2.5482024959067685e-6
294316.32952268486 2.1377422850071403e-6
321413.681061287 1.7967973844315992e-6
351005.85326307704 1.5131819459926966e-6
383322.54127492494 1.2769015614326967e-6
418614.58800044097 1.080725941705273e-6
457155.9311485817 1.0312313433684804e-6
499245.7295446823 1.0312313433684804e-6
545210.6852084005 1.0312313433684804e-6
595407.5792225868 1.0312313433684804e-6
650226.0410765662 1.0312313433684804e-6
710091.572979536 1.0312313433684804e-6
775468.852618865 1.0312313433684804e-6
846865.3399993953 1.0312313433684804e-6
924835.2163601043 1.0312313433684804e-6
1.0099836857421199e6 1.0312313433684804e-6
1.102971672596916e6 1.0312313433684804e-6
1.204520951897693e6 1.0312313433684804e-6
1.3154197515739365e6 1.0312313433684804e-6
1.436528870755423e6 1.0312313433684804e-6
1.5687883613156013e6 1.0312313433684804e-6
1.713224824576672e6 1.0312313433684804e-6
1.87095937981356e6 1.0312313433684804e-6
2.043216366408473e6 1.0312313433684804e-6
2.2313328472024132e6 1.0312313433684804e-6
2.436768986808841e6 1.0312313433684804e-6
2.6611193854462868e6 1.0312313433684804e-6
2.9061254562632614e6 1.0312313433684804e-6
3.173688942228713e6 1.0312313433684804e-6
3.4658866775063183e6 1.0312313433684804e-6
3.784986707890837e6 1.0312313433684804e-6
4.1334658954336806e6 1.0312313433684804e-6
4.5140291439052755e6 1.0312313433684804e-6
4.929630394322706e6 1.0312313433684804e-6
5.383495553510364e6 1.0312313433684804e-6
5.879147533665721e6 1.0312313433684804e-6
6.420433597287845e6 1.0312313433684804e-6
7.011555219720811e6 1.0312313433684804e-6
7.657100701105498e6 1.0312313433684804e-6
8.362080780874874e6 1.0312313433684804e-6
9.131967531233015e6 1.0312313433684804e-6
9.972736831510188e6 1.0312313433684804e-6
1.0890914753080687e7 1.0312313433684804e-6
1.1893628214884816e7 1.0312313433684804e-6
1.2988660302743638e7 1.0312313433684804e-6
1.4184510681856915e7 1.0312313433684804e-6
1.549046157140723e7 1.0312313433684804e-6
1.6916649793366887e7 1.0312313433684804e-6
1.8474145454751696e7 1.0312313433684804e-6
2.017503787405625e7 1.0312313433684804e-6
2.203252941883232e7 1.0312313433684804e-6
2.406103798278095e7 1.0312313433684804e-6
2.6276308897787564e7 1.0312313433684804e-6
2.869553714956341e7 1.0312313433684804e-6
3.1337500845535655e7 1.0312313433684804e-6
3.422270697096496e7 1.0312313433684804e-6
3.7373550564654626e7 1.0312313433684804e-6
4.081448854977622e7 1.0312313433684804e-6
4.457222956909111e7 1.0312313433684804e-6
4.867594129807232e7 1.0312313433684804e-6
5.315747684509865e7 1.0312313433684804e-6
5.805162199604149e7 1.0312313433684804e-6
6.339636522236506e7 1.0312313433684804e-6
6.923319254854885e7 1.0312313433684804e-6
7.560740956759863e7 1.0312313433684804e-6
8.256849310414219e7 1.0312313433684804e-6
9.017047525472191e7 1.0312313433684804e-6
9.847236278621784e7 1.0312313433684804e-6
1.0753859514778051e8 1.0312313433684804e-6
1.174395446513736e8 1.0312313433684804e-6
1.2825206270333698e8 1.0312313433684804e-6
1.4006007632683966e8 1.0312313433684804e-6
1.5295523960543478e8 1.0312313433684804e-6
1.6703764510424393e8 1.0312313433684804e-6
1.8241660079083732e8 1.0312313433684804e-6
1.9921147848628363e8 1.0312313433684804e-6
2.1755264043207857e8 1.0312313433684804e-6
2.3758245116497156e8 1.0312313433684804e-6
2.5945638255389845e8 1.0312313433684804e-6
2.8334422057633984e8 1.0312313433684804e-6
3.0943138320112556e8 1.0312313433684804e-6
3.379203596071409e8 1.0312313433684804e-6
3.6903228190916115e8 1.0312313433684804e-6
4.030086415906049e8 1.0312313433684804e-6
4.4011316396619207e8 1.0312313433684804e-6
4.8063385522413236e8 1.0312313433684804e-6
5.2488523793702424e8 1.0312313433684804e-6
5.732107923935809e8 1.0312313433684804e-6
6.259856227008214e8 1.0312313433684804e-6
6.836193683511031e8 1.0312313433684804e-6
7.465593838536412e8 1.0312313433684804e-6
8.152942111108732e8 1.0312313433684804e-6
8.903573714923832e8 1.0312313433684804e-6
9.723315070404937e8 1.0312313433684804e-6
1.0618529029517059e9 1.0312313433684804e-6
1.159616426437581e9 1.0312313433684804e-6
1.2663809203006248e9 1.0312313433684804e-6
1.3829750930902104e9 1.0312313433684804e-6
1.5103039515581467e9 1.0312313433684804e-6
1.649355825342665e9 1.0312313433684804e-6
1.8012100384066625e9 1.0312313433684804e-6
1.9670452867760699e9 1.0312313433684804e-6
2.148148787606503e9 1.0312313433684804e-6
2.3459262705935926e9 1.0312313433684804e-6
2.561912889280399e9 1.0312313433684804e-6
2.797785136955858e9 1.0312313433684804e-6
3.0553738596357045e9 1.0312313433684804e-6
3.3366784671329484e9 1.0312313433684804e-6
3.6438824525245123e9 1.0312313433684804e-6
3.9793703404766827e9 1.0312313433684804e-6
4.345746195982425e9 1.0312313433684804e-6
4.745853837176022e9 1.0312313433684804e-6
5.182798909117321e9 1.0312313433684804e-6
5.659972989882729e9 1.0312313433684804e-6
6.181079916075296e9 1.0312313433684804e-6
6.750164532092758e9 1.0312313433684804e-6
7.371644086306291e9 1.0312313433684804e-6
8.050342517847796e9 1.0312313433684804e-6
8.791527900140608e9 1.0312313433684804e-6
9.60095333181098e9 1.0312313433684804e-6
1.0484901592377146e10 1.0312313433684804e-6
1.1450233909333736e10 1.0312313433684804e-6
1.2504443215163383e10 1.0312313433684804e-6
1.365571230765752e10 1.0312313433684804e-6
1.4912977364987923e10 1.0312313433684804e-6
1.6285997308535254e10 1.0312313433684804e-6
1.7785429551869526e10 1.0312313433684804e-6
1.9422912723848625e10 1.0312313433684804e-6
2.1211157007933273e10 1.0312313433684804e-6
2.316404279893448e10 1.0312313433684804e-6
2.5296728442968967e10 1.0312313433684804e-6
2.762576789690403e10 1.0312313433684804e-6
3.0169239220565464e10 1.0312313433684804e-6
3.294688489906947e10 1.0312313433684804e-6
3.5980265084463425e10 1.0312313433684804e-6
3.929292494614008e10 1.0312313433684804e-6
4.291057742900513e10 1.0312313433684804e-6