#Columns: M_EDO [M_sun], f_EDO
1590.1618600533252 1.
1736.5661557137935 0.8087764620627307
1896.449719319423 0.6540811683935565
2071.0535709066708 0.5289548899693998
2261.7329897386135 0.42775853700975836
2469.968034014938 0.34593063197735746
2697.375029119007 0.27977337511096184
2945.71911357407 0.22628674001204377
3216.927940090591 0.183044380909484
3513.1066380526026 0.148089244634348
3836.554153582218 0.11983434033424314
4189.781094014315 0.0969897715327593
4575.529215290562 0.0785175370759788
4996.79270353448 0.06358073110155416
5456.841415995613 0.05150505899504759
5959.246261759502 0.04173617540376734
6507.906919229253 0.03383163660599824
7107.0821055223605 0.0274340656800214
7761.422632734611 0.02225900266968959
8476.00750765459 0.01806811161677523
9256.38335513555 0.014673000748022408
10108.607471129906 0.011921641833593058
11039.294839565035 0.009693394320847485
12055.66947800627 0.007887561776899546
13165.620510653791 0.0064220245348979195
14377.76340391289 0.005231812420957202
15701.506839849724 0.0042652555645381705
17147.125746606274 0.0034799322799637118
18725.84105263755 0.0028410185576633125
20449.906783826264 0.0023209226519679553
22332.705179524095 0.0018974253641026342
24388.850565812954 0.0015526517524722537
26634.30279225264 0.001271432354031475
29086.491112614367 0.0010420513567394448
31764.44947116406 0.0008549436227429125
34688.964244592404 0.0007023826804327403
37882.735586366674 0.0005774757154159522
41370.55362586343 0.0004751247004510052
45179.490889944915 0.00039119373790878965
49339.112440558034 0.00032238583979578484
53881.70535945134 0.00026588750862504
58842.52936127385 0.0002194390978778179
64260.09048032178 0.00018122605299429205
70176.43995529527 0.00014978543929182296
76637.50063201765 0.00012389861239280462
83693.42341765964 0.00010260466501405729
91398.97655327864 0.00008508061310356652
99813.97072621262 0.00007064991837461916
109003.7233220619 0.00005870438026096583
119039.56541979656 0.00004879662971342305
129999.395465292 0.000040573535758212127
141968.28392092648 0.00003374448665058515
155039.13358453958 0.000028070361196245758
169313.40070316664 0.00002335100841379838
184901.88247884877 0.00001942438476540244
201925.5770791597 0.000016156456994873803
220516.62282787124 0.000013434934348095529
240819.32386577476 0.000011167966852208919
262991.2702428669 9.279978284699806e-6
287204.5611360764 7.707744538518297e-6
313647.1406871868 6.39788235655486e-6
342524.2568297453 5.306380089620955e-6
374060.0544284262 4.397896646793439e-6
408499.3150968169 3.6420799511200708e-6
446109.35719814635 3.0133751700803794e-6
487182.1107767974 2.4898974226249755e-6
532036.3835262799 2.055154843705068e-6
581020.3353821589 1.6943991224293123e-6
634514.1809477797 1.395301929485229e-6
692933.1407290968 1.146902551053756e-6
756730.6640861444 1.0854199818827432e-6
826401.9489178008 1.0854199818827432e-6
902487.7853996858 1.0854199818827432e-6
985578.7536104216 1.0854199818827432e-6
1.0763198076282907e6 1.0854199818827432e-6
1.175415281680189e6 1.0854199818827432e-6
1.2836343572006961e6 1.0854199818827432e-6
1.4018170332367327e6 1.0854199818827432e-6
1.5308806465402152e6 1.0854199818827432e-6
1.671826991957809e6 1.0854199818827432e-6
1.8257500983864448e6 1.0854199818827432e-6
1.99384472065171e6 1.0854199818827432e-6
2.1774156132233446e6 1.0854199818827432e-6
2.3778876577505455e6 1.0854199818827432e-6
2.5968169230273585e6 1.0854199818827432e-6
2.8359027432357813e6 1.0854199818827432e-6
3.097000908218248e6 1.0854199818827432e-6
3.3821380681626596e6 1.0854199818827432e-6
3.6935274645095197e6 1.0854199818827432e-6
4.0335861091848304e6 1.0854199818827432e-6
4.404953545504328e6 1.0854199818827432e-6
4.810512336371708e6 1.0854199818827432e-6
5.253410438800654e6 1.0854199818827432e-6
5.73708563843232e6 1.0854199818827432e-6
6.265292233709542e6 1.0854199818827432e-6
6.842130176830927e6 1.0854199818827432e-6
7.472076897677673e6 1.0854199818827432e-6
8.160022057731181e6 1.0854199818827432e-6
8.911305503742125e6 1.0854199818827432e-6
9.731758715748388e6 1.0854199818827432e-6
1.062775007116234e7 1.0854199818827432e-6
1.1606234276268236e7 1.0854199818827432e-6
1.2674806348818433e7 1.0854199818827432e-6
1.384176057074235e7 1.0854199818827432e-6
1.5116154868560808e7 1.0854199818827432e-6
1.6507881121227916e7 1.0854199818827432e-6
1.802774194113152e7 1.0854199818827432e-6
1.9687534524228375e7 1.0854199818827432e-6
2.1500142220160823e7 1.0854199818827432e-6
2.3479634533123825e7 1.0854199818827432e-6
2.564137632969281e7 1.0854199818827432e-6
2.800214710128442e7 1.0854199818827432e-6
3.058027120696938e7 1.0854199818827432e-6
3.3395760107584983e7 1.0854199818827432e-6
3.6470467695171796e7 1.0854199818827432e-6
3.982825992340469e7 1.0854199818827432e-6
4.34952000556957e7 1.0854199818827432e-6
4.749975096886605e7 1.0854199818827432e-6
5.1872996082675524e7 1.0854199818827432e-6
5.664888063006867e7 1.0854199818827432e-6
6.186447514088213e7 1.0854199818827432e-6
6.75602631841833e7 1.0854199818827432e-6
7.378045560269874e7 1.0854199818827432e-6
8.057333367843072e7 1.0854199818827432e-6
8.799162389312081e7 1.0854199818827432e-6
9.609290719245803e7 1.0854199818827432e-6
1.0494006593075567e8 1.0854199818827432e-6
1.1460177196528475e8 1.0854199818827432e-6
1.2515301968886948e8 1.0854199818827432e-6
1.3667570813815412e8 1.0854199818827432e-6
1.4925927669588062e8 1.0854199818827432e-6
1.630013993215096e8 1.0854199818827432e-6
1.780087426988283e8 1.0854199818827432e-6
1.9439779418529347e8 1.0854199818827432e-6
2.122957659896806e8 1.0854199818827432e-6
2.3184158259628543e8 1.0854199818827432e-6
2.531869591000828e8 1.0854199818827432e-6
2.764975788229203e8 1.0854199818827432e-6
3.019543793514127e8 1.0854199818827432e-6
3.297549569788087e8 1.0854199818827432e-6
3.601151004521347e8 1.0854199818827432e-6
3.932704659296009e8 1.0854199818827432e-6
4.294784061493191e8 1.0854199818827432e-6
4.690199680074071e8 1.0854199818827432e-6
5.1220207405069774e8 1.0854199818827432e-6
5.593599048168738e8 1.0854199818827432e-6
6.108595005138035e8 1.0854199818827432e-6
6.671006022323598e8 1.0854199818827432e-6
7.285197547463224e8 1.0854199818827432e-6
7.95593694983321e8 1.0854199818827432e-6
8.68843052468247e8 1.0854199818827432e-6
9.488363904620521e8 1.0854199818827432e-6
1.036194619163352e9 1.0854199818827432e-6
1.1315958152281907e9 1.0854199818827432e-6
1.2357804850172517e9 1.0854199818827432e-6
1.3495573124238863e9 1.0854199818827432e-6
1.4738094358977983e9 1.0854199818827432e-6
1.6095013033867726e9 1.0854199818827432e-6
1.7576861584046395e9 1.0854199818827432e-6
1.9195142153326006e9 1.0854199818827432e-6
2.0962415874106848e9 1.0854199818827432e-6
2.289240036718699e9 1.0854199818827432e-6
2.5000076218262315e9 1.0854199818827432e-6
2.730180325759032e9 1.0854199818827432e-6
2.981544754538257e9 1.0854199818827432e-6
3.2560520048591104e9 1.0854199818827432e-6
3.555832808549913e9 1.0854199818827432e-6
3.883214071363417e9 1.0854199818827432e-6
4.240736934474809e9 1.0854199818827432e-6
4.631176498880089e9 1.0854199818827432e-6
5.057563365796333e9 1.0854199818827432e-6
5.523207160260602e9 1.0854199818827432e-6
6.031722220518482e9 1.0854199818827432e-6
6.587055652603831e9 1.0854199818827432e-6
7.193517967869912e9 1.0854199818827432e-6
7.855816541281545e9 1.0854199818827432e-6
8.579092150171823e9 1.0854199818827432e-6
9.368958877078493e9 1.0854199818827432e-6
1.0231547686386593e10 1.0854199818827432e-6
1.1173554013020376e10 1.0854199818827432e-6
1.2202289732568806e10 1.0854199818827432e-6
1.3325739916238644e10 1.0854199818827432e-6
1.4552624811167551e10 1.0854199818827432e-6
1.589246752719054e10 1.0854199818827432e-6
1.7355667955445847e10 1.0854199818827432e-6
1.8953583492577877e10 1.0854199818827432e-6
2.069861719712142e10 1.0854199818827432e-6
2.2604314062337746e10 1.0854199818827432e-6
2.4685466152775604e10 1.0854199818827432e-6
2.6958227420629307e10 1.0854199818827432e-6
2.944023909310128e10 1.0854199818827432e-6
3.215076660402818e10 1.0854199818827432e-6
3.511084913263879e10 1.0854199818827432e-6
3.834346291016487e10 1.0854199818827432e-6
4.187369956189645e10 1.0854199818827432e-6
4.572896086897631e10 1.0854199818827432e-6
4.993917146167849e10 1.0854199818827432e-6
5.453701109510368e10 1.0854199818827432e-6
5.955816831021758e10 1.0854199818827432e-6
6.504161744915776e10 1.0854199818827432e-6
7.102992117500748e10 1.0854199818827432e-6