#Columns: M_EDO [M_sun], f_EDO
2734.8282971241056 0.9999999999999998
2986.620659053441 0.7992781236162464
3261.5952418163897 0.6396801352243034
3561.8864046868475 0.5126072715943469
3889.825014837696 0.41129513312332366
4247.956539587438 0.33054346141741087
4639.060804378266 0.2659956085783076
5066.173569847506 0.21429947466343763
5532.610095474105 0.17284564385624124
6041.990872701852 0.13959695159443744
6598.2697272803525 0.11289012280227419
7205.76450895489 0.09138617137340752
7869.190606719153 0.07405246099957309
8593.697549777173 0.06007100664944303
9384.908978311883 0.048790154332472344
10248.96629431446 0.03966320308419069
11192.57633129314 0.03227168443268076
12223.063412874902 0.026279899044510686
13348.426204380417 0.021425358498882992
14577.39979865496 0.01748106549856778
15919.523518067735 0.014273475845057892
17385.214958959692 0.011662602216757823
18985.850853274846 0.009535970778707058
20733.85537502537 0.007800345704540839
22642.79657702651 0.006384150537164008
24727.49170644662 0.005228413740827864
27004.12221663314 0.004285179080468583
29490.359367939764 0.0035148275224900377
32205.501392470822 0.0028847514627859906
35170.62328741985 0.0023690833376494745
38408.74039970025 0.0019468961095528113
41944.98707161781 0.0016012494727442685
45806.81173423536 0.0013177546456046
50024.18996274942 0.0010852424324822962
54629.857147620954 0.0008945470806307514
59659.56258745658 0.0007383581154952925
65152.34697591826 0.0006097563510786899
71150.84543651885 0.0005037936477891824
77701.61845746855 0.0004164303765285642
84855.513295295 0.0003443956264215276
92668.05865246305 0.0002849309618772539
101199.89569248719 0.00023580446412293176
110517.24873809124 0.00019520055478049802
120692.43930598137 0.00016163207445798718
131804.44746818396 0.00013386451232223908
143939.52489725134 0.00011086817203668707
157191.86435380048 0.00009179706221563824
171664.33081297085 0.00007594787763021255
187469.25990481532 0.0000628412910964304
204729.32986614222 0.00005200066718654813
223578.5137719156 0.00004303372281275978
244163.1194374636 0.00003561614679006544
266642.92506322893 0.000029481070505047392
291192.4194369774 0.00002440536497036622
318002.15631993173 0.000020205693679583613
347280.23352961143 0.000016730558925274472
379253.90820006374 0.000013855225178295928
414171.360757156 0.000011475688197042745
452303.62130096945 9.50605902536239e-6
493946.6733479014 7.875546782804623e-6
539423.7512617854 6.525793101035329e-6
589087.8492067342 5.408370045716638e-6
643324.4610962677 4.482975112980205e-6
702554.572806273 3.716506649286104e-6
767237.9298774161 3.0816234455660637e-6
837876.606071004 2.555791776031946e-6
915018.9004774953 2.1200612728286146e-6
999263.5934271382 1.758936776894863e-6
1.0912645942371695e6 1.4595962690868688e-6
1.1917360168715545e6 1.2115270983503144e-6
1.3014577229106107e6 1.1497320559707295e-6
1.4212813748552105e6 1.1497320559707295e-6
1.552137046751431e6 1.1497320559707295e-6
1.6950404434475002e6 1.1497320559707295e-6
1.8511007845190777e6 1.1497320559707295e-6
2.0215294140580634e6 1.1497320559707295e-6
2.207649203154356e6 1.1497320559707295e-6
2.4109048180528125e6 1.1497320559707295e-6
2.632873933687123e6 1.1497320559707295e-6
2.8752794796303133e6 1.1497320559707295e-6
3.140003013515192e6 1.1497320559707295e-6
3.429099325729609e6 1.1497320559707295e-6
3.74481238874849e6 1.1497320559707295e-6
4.08959277490172e6 1.1497320559707295e-6
4.466116677775067e6 1.1497320559707295e-6
4.877306684888679e6 1.1497320559707295e-6
5.326354462891144e6 1.1497320559707295e-6
5.816745531352205e6 1.1497320559707295e-6
6.352286317448815e6 1.1497320559707295e-6
6.937133701543744e6 1.1497320559707295e-6
7.5758272829901865e6 1.1497320559707295e-6
8.273324616610256e6 1.1497320559707295e-6
9.035039693353849e6 1.1497320559707295e-6
9.86688496382554e6 1.1497320559707295e-6
1.0775317230867412e7 1.1497320559707295e-6
1.1767387767416645e7 1.1497320559707295e-6
1.28507970486545e7 1.1497320559707295e-6
1.4033954523278354e7 1.1497320559707295e-6
1.5326043887843251e7 1.1497320559707295e-6
1.673709437083364e7 1.1497320559707295e-6
1.8278058579774287e7 1.1497320559707295e-6
1.9960897515631333e7 1.1497320559707295e-6
2.1798673414387178e7 1.1497320559707295e-6
2.3805651136427965e7 1.1497320559707295e-6
2.5997408890730187e7 1.1497320559707295e-6
2.8390959153290853e7 1.1497320559707295e-6
3.10048807183718e7 1.1497320559707295e-6
3.385946290754453e7 1.1497320559707295e-6
3.697686305588832e7 1.1497320559707295e-6
4.038127849775366e7 1.1497320559707295e-6
4.409913438704942e7 1.1497320559707295e-6
4.815928880991797e7 1.1497320559707295e-6
5.259325678188819e7 1.1497320559707295e-6
5.743545486817871e7 1.1497320559707295e-6
6.272346832589831e7 1.1497320559707295e-6
6.849834284170815e7 1.1497320559707295e-6
7.480490312942211e7 1.1497320559707295e-6
8.169210086050417e7 1.1497320559707295e-6
8.921339462811147e7 1.1497320559707295e-6
9.742716489396994e7 1.1497320559707295e-6
1.063971671389111e8 1.1497320559707295e-6
1.161930267344356e8 1.1497320559707295e-6
1.268907793765114e8 1.1497320559707295e-6
1.385734612764551e8 1.1497320559707295e-6
1.513317536899909e8 1.1497320559707295e-6
1.6526468678732002e8 1.1497320559707295e-6
1.8048040832766223e8 1.1497320559707295e-6
1.9709702310475165e8 1.1497320559707295e-6
2.1524350967905432e8 1.1497320559707295e-6
2.350607215124409e8 1.1497320559707295e-6
2.567024802761164e8 1.1497320559707295e-6
2.8033676981809896e8 1.1497320559707295e-6
3.061470400578686e8 1.1497320559707295e-6
3.343336309290053e8 1.1497320559707295e-6
3.651153274225471e8 1.1497320559707295e-6
3.9873105780130786e8 1.1497320559707295e-6
4.354417481667482e8 1.1497320559707295e-6
4.755323477736211e8 1.1497320559707295e-6
5.1931404081286323e8 1.1497320559707295e-6
5.671266618307314e8 1.1497320559707295e-6
6.19341333532652e8 1.1497320559707295e-6
6.763633474465194e8 1.1497320559707295e-6
7.386353098052111e8 1.1497320559707295e-6
8.066405770667187e8 1.1497320559707295e-6
8.809070077385277e8 1.1497320559707295e-6
9.620110596279393e8 1.1497320559707295e-6
1.050582264321331e9 1.1497320559707295e-6
1.1473081136233587e9 1.1497320559707295e-6
1.2529393958847287e9 1.1497320559707295e-6
1.368296023639347e9 1.1497320559707295e-6
1.494273397784906e9 1.1497320559707295e-6
1.631849357706077e9 1.1497320559707295e-6
1.782091771287134e9 1.1497320559707295e-6
1.9461668237279239e9 1.1497320559707295e-6
2.1253480695013025e9 1.1497320559707295e-6
2.3210263177132397e9 1.1497320559707295e-6
2.5347204275963793e9 1.1497320559707295e-6
2.768089097931623e9 1.1497320559707295e-6
3.022943741907605e9 1.1497320559707295e-6
3.3012625473532205e9 1.1497320559707295e-6
3.605205831478597e9 1.1497320559707295e-6
3.937132809308974e9 1.1497320559707295e-6
4.299619905967967e9 1.1497320559707295e-6
4.695480754950882e9 1.1497320559707295e-6
5.127788037615076e9 1.1497320559707295e-6
5.599897333405899e9 1.1497320559707295e-6
6.115473165944557e9 1.1497320559707295e-6
6.678517447147838e9 1.1497320559707295e-6
7.293400540163933e9 1.1497320559707295e-6
7.964895182235534e9 1.1497320559707295e-6
8.698213530800047e9 1.1497320559707295e-6
9.499047620380384e9 1.1497320559707295e-6
1.0373613544292297e10 1.1497320559707295e-6
1.1328699704109423e10 1.1497320559707295e-6
1.2371719501398195e10 1.1497320559707295e-6
1.3510768880717499e10 1.1497320559707295e-6
1.4754689170534134e10 1.1497320559707295e-6
1.611313570982462e10 1.1497320559707295e-6
1.759665279304738e10 1.1497320559707295e-6
1.921675551520776e10 1.1497320559707295e-6
2.0986019152299957e10 1.1497320559707295e-6
2.2918176770900272e10 1.1497320559707295e-6
2.5028225824556484e10 1.1497320559707295e-6
2.7332544564381126e10 1.1497320559707295e-6
2.9849019167427216e10 1.1497320559707295e-6
3.259718256962087e10 1.1497320559707295e-6
3.5598366080877495e10 1.1497320559707295e-6
3.887586495923667e10 1.1497320559707295e-6
4.2455119229212425e10 1.1497320559707295e-6
4.6363911147870026e10 1.1497320559707295e-6
5.063258085136847e10 1.1497320559707295e-6
5.5294261855821686e10 1.1497320559707295e-6
6.038513824044023e10 1.1497320559707295e-6
6.594472550922022e10 1.1497320559707295e-6
7.20161773112251e10 1.1497320559707295e-6
7.864662040024222e10 1.1497320559707295e-6
8.58875204337696e10 1.1497320559707295e-6
9.37950814506762e10 1.1497320559707295e-6
1.0243068212829684e11 1.1497320559707295e-6
1.1186135220518546e11 1.1497320559707295e-6
1.2216029276754955e11 1.1497320559707295e-6