#Columns: M_EDO [M_sun], f_EDO
5216.663157364709 1.
5693.676591613968 0.7892361344041572
6214.308294781563 0.6242585975849202
6782.5467360526845 0.49482866226272343
7402.745091576761 0.39306107650470273
8079.654593394918 0.313104689948741
8818.460927804696 0.24993992672972534
9624.823962003366 0.19989979506889624
10504.921103349014 0.16017762054215195
11465.494623406874 0.12865227626989015
12513.903309322615 0.10353811384835233
13658.17883821429 0.08346637860355907
14907.0873064579 0.06739591483616286
16270.196385231375 0.054525397839171125
17757.948616784284 0.04419432879023474
19381.74141294278 0.03587242124018977
21154.014368705033 0.029158381983416453
23088.344559821267 0.0237378758960438
25199.550554416157 0.019357207014970398
27503.805935469434 0.015804031447688424
30018.76320383002 0.012918127286684514
32763.68901096381 0.01057193994472317
35759.611757428785 0.008659582367178469
39029.48268780493 0.00709944996939656
42598.351716198755 0.005825801554758085
46493.55932929046 0.004785202184739288
50744.94603706103 0.0039357279754918375
55385.08097576392 0.0032398892094730085
60449.51141442931 0.0026693565022465737
65977.03507632771 0.0022011283293482866
72009.99736159842 0.001817040432456708
78594.6157480171 0.0015012034635705444
85781.33385507658 0.001241179521767971
93625.20788380793 0.0010270871504846535
102186.32839278817 0.0008517928847553233
111530.28064148767 0.0007070825841190643
121728.64702756962 0.0005872928024645038
132859.55546722232 0.0004880089745297946
145008.27791957743 0.0004056782444082288
158267.88364039848 0.00033732588707617583
172739.95216950926 0.000280523064804779
188535.3515140314 0.00023329704249565008
205775.08748895873 0.0001940133786844678
224591.23072172154 0.00016131047764881087
245127.9284223557 0.00013408419479231677
267542.5086702828 0.00011137704308344271
292006.685677438 0.00009238393818190875
318707.8752610694 0.0000764081549063409
347850.6306038101 0.00006316148383953583
379658.20930013404 0.000052191681817246056
414374.283694071 0.00004311207105816001
452264.8076107696 0.00003559660276003656
493620.0537826298 0.0000293841021182427
538756.8375783671 0.000024250616037703044
588020.9440706014 0.000020010220576462975
641789.777035333 0.000016508119496267656
700475.2501768152 0.000013617677016911396
764526.9427270105 0.000011232723165478953
834435.5435941063 9.265224655023177e-6
910736.610445153 7.642536439477756e-6
994014.6725204585 6.304560093550598e-6
1.0849077086107305e6 5.2013823847648076e-6
1.1841120345019458e6 4.29182268688896e-6
1.2923876373298261e6 3.542084722834834e-6
1.4105639977094769e6 2.9241412857414666e-6
1.5395464442425321e6 2.4146523178921536e-6
1.680323089082557e6 1.994527263098962e-6
1.833972397690881e6 1.6481340588949136e-6
2.001671450773469e6 1.3625874084040806e-6
2.184704961692067e6 1.2577213351555451e-6
2.3844751184304585e6 1.2577213351555451e-6
2.6025123255134244e6 1.2577213351555451e-6
2.8404869281704095e6 1.2577213351555451e-6
3.100222008560602e6 1.2577213351555451e-6
3.3837073520892253e6 1.2577213351555451e-6
3.6931146908083973e6 1.2577213351555451e-6
4.0308143406797647e6 1.2577213351555451e-6
4.399393360153998e6 1.2577213351555451e-6
4.801675369176898e6 1.2577213351555451e-6
5.240742180452144e6 1.2577213351555451e-6
5.719957408673869e6 1.2577213351555451e-6
6.242992238595569e6 1.2577213351555451e-6
6.8138535493397275e6 1.2577213351555451e-6
7.43691461040391e6 1.2577213351555451e-6
8.116948584519922e6 1.2577213351555451e-6
8.859165094025668e6 1.2577213351555451e-6
9.669250130878462e6 1.2577213351555451e-6
1.0553409616053155e7 1.2577213351555451e-6
1.1518416942026604e7 1.2577213351555451e-6
1.2571664862562582e7 1.2577213351555451e-6
1.3721222127316322e7 1.2577213351555451e-6
1.497589529512626e7 1.2577213351555451e-6
1.634529619953393e7 1.2577213351555451e-6
1.7839915583373904e7 1.2577213351555451e-6
1.9471203466535002e7 1.2577213351555451e-6
2.1251656862577166e7 1.2577213351555451e-6
2.3194915516184762e7 1.2577213351555451e-6
2.5315866394885194e7 1.2577213351555451e-6
2.7630757735525284e7 1.2577213351555451e-6
3.0157323519195754e7 1.2577213351555451e-6
3.291491932818503e7 1.2577213351555451e-6
3.59246706257379e7 1.2577213351555451e-6
3.920963459456615e7 1.2577213351555451e-6
4.279497677392611e7 1.2577213351555451e-6
4.670816384845066e7 1.2577213351555451e-6
5.097917406565666e7 1.2577213351555451e-6
5.564072689409995e7 1.2577213351555451e-6
6.072853368154986e7 1.2577213351555451e-6
6.628157123343046e7 1.2577213351555451e-6
7.234238040736747e7 1.2577213351555451e-6
7.895739201132113e7 1.2577213351555451e-6
8.617728250195274e7 1.2577213351555451e-6
9.40573622081707e7 1.2577213351555451e-6
1.0265799905396824e8 1.2577213351555451e-6
1.1204508102661929e8 1.2577213351555451e-6
1.222905209331216e8 1.2577213351555451e-6
1.3347280731174003e8 1.2577213351555451e-6
1.4567760571908566e8 1.2577213351555451e-6
1.5899841499908826e8 1.2577213351555451e-6
1.73537283561424e8 1.2577213351555451e-6
1.8940559115668398e8 1.2577213351555451e-6
2.067249021373269e8 1.2577213351555451e-6
2.256278967411005e8 1.2577213351555451e-6
2.4625938753133115e8 1.2577213351555451e-6
2.6877742878086096e8 1.2577213351555451e-6
2.933545272984147e8 1.2577213351555451e-6
3.201789639733479e8 1.2577213351555451e-6
3.494562361628839e8 1.2577213351555451e-6
3.8141063197173434e8 1.2577213351555451e-6
4.162869484843628e8 1.2577213351555451e-6
4.543523671129994e8 1.2577213351555451e-6
4.958985004281013e8 1.2577213351555451e-6
5.412436261516811e8 1.2577213351555451e-6
5.90735125427736e8 1.2577213351555451e-6
6.44752144048947e8 1.2577213351555451e-6
7.037084970268402e8 1.2577213351555451e-6
7.680558387568238e8 1.2577213351555451e-6
8.382871230641767e8 1.2577213351555451e-6
9.149403796378257e8 1.2577213351555451e-6
9.986028357824621e8 1.2577213351555451e-6
1.0899154150650935e9 1.2577213351555451e-6
1.1895776473193276e9 1.2577213351555451e-6
1.2983530276221278e9 1.2577213351555451e-6
1.4170748652971578e9 1.2577213351555451e-6
1.546652667753007e9 1.2577213351555451e-6
1.68807910806171e9 1.2577213351555451e-6
1.8424376296549904e9 1.2577213351555451e-6
2.0109107463964934e9 1.2577213351555451e-6
2.1947891016154103e9 1.2577213351555451e-6
2.3954813555011888e9 1.2577213351555451e-6
2.6145249766049423e9 1.2577213351555451e-6
2.853598020119377e9 1.2577213351555451e-6
3.1145319831685877e9 1.2577213351555451e-6
3.399325835589938e9 1.2577213351555451e-6
3.710161333695235e9 1.2577213351555451e-6
4.04941973432748e9 1.2577213351555451e-6
4.419700037256621e9 1.2577213351555451e-6
4.823838895665952e9 1.2577213351555451e-6
5.264932347260247e9 1.2577213351555451e-6
5.746359532473669e9 1.2577213351555451e-6
6.271808581478584e9 1.2577213351555451e-6
6.845304868311189e9 1.2577213351555451e-6
7.471241848563879e9 1.2577213351555451e-6
8.154414716886595e9 1.2577213351555451e-6
8.900057142141401e9 1.2577213351555451e-6
9.713881361631975e9 1.2577213351555451e-6
1.0602121941562872e10 1.2577213351555451e-6
1.157158353897013e10 1.2577213351555451e-6
1.262969303101846e10 1.2577213351555451e-6
1.3784556411019255e10 1.2577213351555451e-6
1.5045020887039728e10 1.2577213351555451e-6
1.642074265882922e10 1.2577213351555451e-6
1.7922260892291023e10 1.2577213351555451e-6
1.9561078458204517e10 1.2577213351555451e-6
2.1349750053723274e10 1.2577213351555451e-6
2.33019783817326e10 1.2577213351555451e-6
2.5432719124879894e10 1.2577213351555451e-6
2.7758295518465652e10 1.2577213351555451e-6
3.0296523399918182e10 1.2577213351555451e-6
3.3066847692834343e10 1.2577213351555451e-6
3.609049137116678e10 1.2577213351555451e-6
3.939061804474724e10 1.2577213351555451e-6
4.299250941168341e10 1.2577213351555451e-6
4.69237589370641e10 1.2577213351555451e-6
5.1214483241709404e10 1.2577213351555451e-6
5.589755282038055e10 1.2577213351555451e-6
6.1008843856938324e10 1.2577213351555451e-6
6.658751306556645e10 1.2577213351555451e-6
7.267629766356786e10 1.2577213351555451e-6
7.932184277377454e10 1.2577213351555451e-6
8.65750587647439e10 1.2577213351555451e-6
9.4491511266263e10 1.2577213351555451e-6
1.0313184684800162e11 1.2577213351555451e-6
1.1256225762236458e11 1.2577213351555451e-6
1.2285498833078477e11 1.2577213351555451e-6
1.3408888979815987e11 1.2577213351555451e-6
1.4635002299534393e11 1.2577213351555451e-6
1.5973231833732153e11 1.2577213351555451e-6
1.7433829526782547e11 1.2577213351555451e-6
1.902798476430182e11 1.2577213351555451e-6
2.0767910093091403e11 1.2577213351555451e-6