#Columns: M_EDO [M_sun], f_EDO
11560.717843436822 1.
12610.572453818213 0.7810793535523867
13755.766706414366 0.612098011264849
15004.95860709367 0.4812154822377448
16367.592414576691 0.3795012301447406
17853.97004181393 0.30056520653395863
19475.32894148216 0.2387393143289088
21243.92706443668 0.19014314254209766
23173.13553343038 0.15183470189350784
25277.53973274028 0.1216624781557268
27573.04957796862 0.09772685628327143
30077.019799691407 0.07867221210505722
32808.38115033321 0.06346599880500171
35787.78352623166 0.051335355948853544
39037.75208693619 0.04160624163219903
42582.85755204906 0.03377763472594641
46449.9019631029 0.02746571960756745
50668.12131488927 0.022376183908831216
55269.40658819081 0.018256821844148455
60288.54485498947 0.014913234481147604
65763.48227897729 0.012194540077258119
71735.61099973103 0.009980169535180522
78250.08206947947 0.008161089725955632
85356.14680835756 0.006675863334619491
93107.52915889396 0.005465033869539378
101562.83185483994 0.004477900603741357
110785.97947510035 0.003672283896882704
120846.70173237633 0.0030136858925967533
131821.0606503346 0.002474880633616228
143792.02561490957 0.002034026505031811
156850.10064729993 0.0016730598633702555
171094.008641027 0.001377002379971812
186631.43773608885 0.001134109664438375
203579.85547301822 0.0009349773342453798
222067.39688208935 0.000771839042078708
242233.8332218891 0.0006375260195142745
264231.6286912018 0.000526821619895644
288227.0931032607 0.0004355359663075599
314401.63923692255 0.00036022402556301804
342953.1543707122 0.00029801017969720674
374097.49636893254 0.000246593612845187
408070.1256307078 0.00020408484108331846
445127.8852399451 0.00016892459856773277
485550.9427747149 0.00013982428709875518
529644.9084566524 0.00011573107759670546
577743.1456542606 0.00009577600117103773
630209.2912081649 0.00007921541534956627
687440.004632738 0.00006550505104794074
749867.966978866 0.00005415589321447537
817965.1520301402 0.000044761977928750024
892246.3945636805 0.00003698133221959727
973273.2826526972 0.00003054243445907872
1.0616584034377402e6 0.00002521509426677083
1.1580699744659204e6 0.00002080853095132929
1.2632368956123928e6 0.000017160670824448594
1.3779542597780987e6 0.00001414487380570797
1.5030893640263209e6 0.000011652785167549587
1.6395882666039057e6 9.594321793518474e-6
1.7884829394203182e6 7.892617758266179e-6
1.9508990700591959e6 6.488096641708511e-6
2.1280645723081096e6 5.3297813791157645e-6
2.3213188695484265e6 4.375073540271287e-6
2.5321230211906433e6 3.5875604008421033e-6
2.762070768713868e6 2.9391015397094394e-6
3.0129005848208475e6 2.4057794069705015e-6
3.286508816803665e6 1.9674825634101047e-6
3.5849640234878445e6 1.6070335947315736e-6
3.910522614146368e6 1.311134238135722e-6
4.265645907618407e6 1.1721685580062105e-6
4.653018740604744e6 1.1721685580062105e-6
5.075569765824001e6 1.1721685580062105e-6
5.536493593489943e6 1.1721685580062105e-6
6.039274943505518e6 1.1721685580062105e-6
6.587714990971927e6 1.1721685580062105e-6
7.185960104191838e6 1.1721685580062105e-6
7.838533192435289e6 1.1721685580062105e-6
8.55036790046578e6 1.1721685580062105e-6
9.32684590834807e6 1.1721685580062105e-6
1.0173837618534563e7 1.1721685580062105e-6
1.1097746537837002e7 1.1721685580062105e-6
1.210555768982414e7 1.1721685580062105e-6
1.320489042365735e7 1.1721685580062105e-6
1.4404056018614596e7 1.1721685580062105e-6
1.5712120519809859e7 1.1721685580062105e-6
1.7138973280164625e7 1.1721685580062105e-6
1.86954017268289e7 1.1721685580062105e-6
2.039317291730794e7 1.1721685580062105e-6
2.2245122501882814e7 1.1721685580062105e-6
2.4265251764907736e7 1.1721685580062105e-6
2.6468833478643224e7 1.1721685580062105e-6
2.887252736991378e7 1.1721685580062105e-6
3.1494506072548985e7 1.1721685580062105e-6
3.435459251784895e7 1.1721685580062105e-6
3.74744098017829e7 1.1721685580062105e-6
4.0877544661964506e7 1.1721685580062105e-6
4.458972580033546e7 1.1721685580062105e-6
4.863901839973062e7 1.1721685580062105e-6
5.3056036304926895e7 1.1721685580062105e-6
5.787417347232713e7 1.1721685580062105e-6
6.3129856438106716e7 1.1721685580062105e-6
6.886281971355662e7 1.1721685580062105e-6
7.511640618969272e7 1.1721685580062105e-6
8.193789482227784e7 1.1721685580062105e-6
8.937885807465516e7 1.1721685580062105e-6
9.749555182075933e7 1.1721685580062105e-6
1.0634934065609653e8 1.1721685580062105e-6
1.1600716183215848e8 1.1721685580062105e-6
1.2654203132176349e8 1.1721685580062105e-6
1.3803359584131488e8 1.1721685580062105e-6
1.5056873500343817e8 1.1721685580062105e-6
1.6424221815244445e8 1.1721685580062105e-6
1.7915742084848687e8 1.1721685580062105e-6
1.9542710641724318e8 1.1721685580062105e-6
2.1317427847387376e8 1.1721685580062105e-6
2.3253311086658484e8 1.1721685580062105e-6
2.5364996207044074e8 1.1721685580062105e-6
2.7668448170054346e8 1.1721685580062105e-6
3.018108175101491e8 1.1721685580062105e-6
3.292189319989811e8 1.1721685580062105e-6
3.5911603858567953e8 1.1721685580062105e-6
3.917281682022782e8 1.1721685580062105e-6
4.273018781546308e8 1.1721685580062105e-6
4.6610611616827255e8 1.1721685580062105e-6
5.0843425371243423e8 1.1721685580062105e-6
5.546063039747666e8 1.1721685580062105e-6
6.049713412553048e8 1.1721685580062105e-6
6.59910140070993e8 1.1721685580062105e-6
7.198380539231848e8 1.1721685580062105e-6
7.852081554924607e8 1.1721685580062105e-6
8.56514662001553e8 1.1721685580062105e-6
9.342966716431178e8 1.1721685580062105e-6
1.0191422393208548e9 1.1721685580062105e-6
1.1116928225177982e9 1.1721685580062105e-6
1.2126481309038403e9 1.1721685580062105e-6
1.3227714163469293e9 1.1721685580062105e-6
1.442895243321997e9 1.1721685580062105e-6
1.5739277833436298e9 1.1721685580062105e-6
1.7168596810102444e9 1.1721685580062105e-6
1.8727715435690086e9 1.1721685580062105e-6
2.042842110624942e9 1.1721685580062105e-6
2.228357165759547e9 1.1721685580062105e-6
2.430719257433402e9 1.1721685580062105e-6
2.6514583026656237e9 1.1721685580062105e-6
2.892243153657188e9 1.1721685580062105e-6
3.154894214805157e9 1.1721685580062105e-6
3.441397205496105e9 1.1721685580062105e-6
3.7539181727295494e9 1.1721685580062105e-6
4.0948198670712986e9 1.1721685580062105e-6
4.46667960574372e9 1.1721685580062105e-6
4.872308757903066e9 1.1721685580062105e-6
5.314773999418346e9 1.1721685580062105e-6
5.797420497844226e9 1.1721685580062105e-6
6.323897202873132e9 1.1721685580062105e-6
6.8981844334696e9 1.1721685580062105e-6
7.524623970254114e9 1.1721685580062105e-6
8.207951880643538e9 1.1721685580062105e-6
8.953334324915762e9 1.1721685580062105e-6
9.766406613903019e9 1.1721685580062105e-6
1.065331581360173e10 1.1721685580062105e-6
1.1620767218802147e10 1.1721685580062105e-6
1.2676075047091967e10 1.1721685580062105e-6
1.3827217736495592e10 1.1721685580062105e-6
1.5082898264815737e10 1.1721685580062105e-6
1.6452609946709225e10 1.1721685580062105e-6
1.7946708205941967e10 1.1721685580062105e-6
1.9576488865442684e10 1.1721685580062105e-6
2.135427354705157e10 1.1721685580062105e-6
2.3293502826610924e10 1.1721685580062105e-6
2.540883784867734e10 1.1721685580062105e-6
2.7716271169092808e10 1.1721685580062105e-6
3.0233247663417645e10 1.1721685580062105e-6
3.297879641532856e10 1.1721685580062105e-6
3.597367458209558e10 1.1721685580062105e-6
3.924052432480537e10 1.1721685580062105e-6
4.2804043989768654e10 1.1721685580062105e-6
4.669117483529305e10 1.1721685580062105e-6
5.093130471553107e10 1.1721685580062105e-6
5.555649026131397e10 1.1721685580062105e-6
6.060169923772373e10 1.1721685580062105e-6
6.610507491069649e10 1.1721685580062105e-6
7.210822442134763e10 1.1721685580062105e-6
7.865653334821446e10 1.1721685580062105e-6
8.579950883559903e10 1.1721685580062105e-6
9.359115388216098e10 1.1721685580062105e-6
1.0209037561949326e11 1.1721685580062105e-6
1.1136143066738875e11 1.1721685580062105e-6
1.2147441093281421e11 1.1721685580062105e-6
1.3250577352537006e11 1.1721685580062105e-6
1.4453891879556058e11 1.1721685580062105e-6
1.576648208660107e11 1.1721685580062105e-6
1.7198271542262878e11 1.1721685580062105e-6
1.8760084996562057e11 1.1721685580062105e-6
2.046373021924763e11 1.1721685580062105e-6
2.2322087270014536e11 1.1721685580062105e-6
2.4349205875548657e11 1.1721685580062105e-6
2.6560411649598718e11 1.1721685580062105e-6
2.897242195913054e11 1.1721685580062105e-6
3.1603472312545715e11 1.1721685580062105e-6
3.44734542254962e11 1.1721685580062105e-6
3.760406560660146e11 1.1721685580062105e-6
4.101897480002897e11 1.1721685580062105e-6