#Columns: M_EDO [M_sun], f_EDO
1. 3.085348783481655
1.26 2.4453487834816547
1.59 1.9429796862513882
2. 1.5426743917408274
2.52 1.2226743917408274
3.17 0.9708720742185791
4. 0.7703028102270062
5.04 0.6113066664193576
6.35 0.48586723261671183
8. 0.3855654077992216
10.1 0.30550049270475793
12.7 0.24246996325370182
16. 0.19250434889710938
20.2 0.15326743917408273
25.4 0.12126743917408273
32. 0.09636351644955525
40.3 0.07645741055934403
50.8 0.060706975669633095
64. 0.048176793187884065
80.6 0.03825654077992215
102. 0.030353487834816548
128. 0.024046996325370183
161. 0.019123305353067516
203. 0.015150434889710938
256. 0.012026743917408274
322. 0.009558071591241155
406. 0.007585741055934403
512. 0.0060203537105292335
645. 0.004777679318788406
812. 0.003795654077992216
1020. 0.0030153487834816547
1290. 0.0023929796862513886
1620. 0.0018950434889710938
2050. 0.0015026743917408273
2580. 0.0011926743917408274
3250. 0.0009486351644955526
4090. 0.0007534021109648773
5160. 0.0005981346717907946
6500. 0.00047403922724527484
8190. 0.00037656540779922157
10300. 0.00029853487834816545
13000. 0.00023729796862513884
16400. 0.00018823305353067517
20600. 0.00014926743917408273
26000. 0.00011820252407961909
32700. 0.00009416351644955524
41200. 0.00007473371958704137
52000. 0.000059306975669633096
65500. 0.000047080231752224816
82500. 0.00003738367031656557