#Columns: M_EDO [M_sun], f_EDO
1. 4.154254824275897
1.26 3.298658095815092
1.59 2.6186589264527673
2. 2.0824387305433945
2.52 1.6524395611810696
3.17 1.3055958978231301
4. 1.0362193652716973
5.04 0.8249132285362686
6.35 0.6546692724181618
8. 0.5201096826358487
10.1 0.41248774610867894
12.7 0.32786580958150924
16. 0.2598658926452767
20.2 0.20624387305433947
25.4 0.16362185346340224
32. 0.12955958978231302
40.3 0.10362193652716974
50.8 0.08189132285362687
64. 0.06497316191630184
80.6 0.05161096826358487
102. 0.04094877461086789
128. 0.03248658095815092
161. 0.025786589264527673
203. 0.020462185346340225
256. 0.016262185346340222
322. 0.012855958978231302
406. 0.010262193652716974
512. 0.008123534726264207
645. 0.006447316191630185
812. 0.005121096826358486
1020. 0.00406487746108679
1290. 0.003228658095815092
1620. 0.002558658926452767
2050. 0.002032438730543395
2580. 0.0016124395611810697
3250. 0.0012755958978231303
4090. 0.0010162193652716975
5160. 0.0008063534726264206
6500. 0.0006397316191630184
8190. 0.0005081096826358488
10300. 0.00040355009285353565
13000. 0.0003198658095815092
16400. 0.00025430613673542874
20600. 0.00020118160937325028
26000. 0.000160243956118107
32700. 0.000126559589782313
41200. 0.00010060325742284297
52000. 0.00007999132285362686
65500. 0.00006346693554819293
82500. 0.00005040474189547594