#Columns: M_EDO [M_sun], f_EDO
13.83365977919273 1.037922976338345
16.819651281447474 0.8869150352470707
20.450168194465043 0.7578773162170451
24.86433114360736 0.6476133604797267
30.23128990138533 0.5533917636766077
36.75670517027262 0.47287851485684884
44.690629456483585 0.4040791795085246
54.33708902809973 0.3452894944100204
66.06573413611419 0.29505315046159697
80.32600393235245 0.25212571771424097
97.66434888087058 0.21544381896438974
118.74517062192258 0.18409878829802123
144.37628169956835 0.1573141620665463
175.53986076419704 0.1344264447120513
213.43008944665053 0.11486867298239878
259.4989131408498 0.09815637139702137
315.51167923824903 0.08387555105913258
383.61478485926324 0.07167245452684534
466.41792632815674 0.06124479270820115
567.0941021735355 0.05233425670479302
689.5012017478588 0.04472011911106389
838.3298387156589 0.03821376626382052
1019.283094357864 0.03265402599754313
1239.2950584168861 0.027903175166948825
1506.7965419205577 0.023865203986093007
1832.0381440430122 0.02047807346457393
2227.4830528550024 0.017571670163173802
2708.2846320036842 0.015077765633447813
3292.8670943404913 0.012937814925164612
4003.6315137853016 0.01110158223089028
4867.814229649361 0.009525961589503156
5918.530537285485 0.008173964964398811
7196.043659066256 0.007013853941301064
8749.307622384558 0.006018394662096843
10637.843167428693 0.00481888312275475
12934.018569113634 0.003743144887450412
15725.822773773058 0.002753431219155021
19120.237116612352 0.0020008170797457315
23247.334823408182 0.0014994784067305159
28265.2653884765 0.001099105047114023
34366.3148291973 0.0007061381941529043
41784.274044743615 0.00043098470608264627
50803.39763293182 0.00025486735640746277
61769.29646512466 0.0001232970829703929
75102.18142030742 0.0000902472765158844
91312.96577537255 0.00010651587077479524
111022.84329173656 0.00012571715363527813
134987.0922263471 0.0001483797916985721
164124.01743165054 0.00017512775264053913
199550.1395995484 0.00020669748483830076
242622.98009358929 0.00024395819391443343
294993.0808749354 0.00028793577447036356
358667.25291445496 0.00033984105591848665
436085.47675645474 0.0004011031401020968
530214.402047074 0.0004734087485837833
644661.0289091123 0.0005587486629464375
783810.9274090546 0.0006594725367420586
952996.2916564915 0.0007783535882191388
1.1587002683327645e6 0.0009186649550056555
1.40880538947402e6 0.0010842698130119463
1.7128956293993494e6 0.0012797277407863275
2.0826236605403798e6 0.0015104202578404141
2.5321573813365055e6 0.0017826989933756637
3.0787228270484884e6 0.0021040605649228408
3.7432642677156758e6 0.0024833529818067933
4.5512467880682945e6 0.0029310192563182457
5.533632104084006e6 0.003459384929909548
6.728065009268772e6 0.004082997430838405
8.180315915027751e6 0.004819026606752588
9.946034762962107e6 0.00568773746003085
1.2092883518633045e7 0.006713048101645204
1.4703128963494042e7 0.007923188285620665
1.7876795140219305e7 0.009351476655442325
2.1735496252453726e7 0.011037238102241104
2.642709689487639e7 0.01302688649227034
3.213137819258865e7 0.01537520257427786
3.906692697506721e7 0.018146842251243186
4.749951197634185e7 0.021418116743542923
5.7752268035583355e7 0.025279093656562054
7.021807855447215e7 0.029836076801191654
8.537463070444447e7 0.03521453304381137
1.0380272029611193e8 0.04156254677036347
1.2620850774950285e8 0.04905489707586033
1.5345057800910974e8 0.057897869936092104
1.865728413338492e8 0.06833493785447611
2.2684453571311525e8 0.08065346336107884
2.7580886379288316e8 0.09519261093043922
3.353421280683879e8 0.11235268515607111
4.0772563039120257e8 0.13260615228847314
4.9573309096434605e8 0.15651064859132602
6.027369367024398e8 0.1847243336733693
7.328375319039766e8 0.2180240115173953
8.910203033271945e8 0.2573265181304596
1.0833467806685865e9 0.3037139646788975
1.3171868730739958e9 0.3584635311243344
1.6015012824681206e9 0.42308263066526935
1.947184875720327e9 0.4993504131625549
2.3674841735941343e9 0.5893667502575716
2.8785049545669036e9 0.6956100508844398
3.4998294247886586e9 0.8210054990037786
4.255266603999802e9 0.9690055923392946