#Columns: M_EDO [M_sun], f_EDO
1.4202970138206534e9 0.5143481016267247
1.4291544763998442e9 0.5167186510195173
1.4380671771739829e9 0.5191001259011084
1.4470354606275377e9 0.5214925766253583
1.4560596733932772e9 0.523896053778194
1.4651401642657154e9 0.5263106081786916
1.4742772842145452e9 0.5287362908801374
1.4834713863982525e9 0.5311731531711213
1.4927228261777163e9 0.5336212465766074
1.5020319611299934e9 0.5360806228590369
1.5113991510620909e9 0.5385513340194094
1.5208247580249197e9 0.5410334322983952
1.530309146327242e9 0.5435269701774276
1.5398526825497987e9 0.5460320003798246
1.5494557355594375e9 0.548548575871893
1.5591186765233858e9 0.5510767498640529
1.5688418789236176e9 0.5536165758119678
1.5786257185712442e9 0.5561681074176633
1.5884705736210897e9 0.5587313986306761
1.5983768245862572e9 0.5613065036491807
1.608344854352886e9 0.5638934769211491
1.6183750481949003e9 0.5664923731454894
1.6284677937889514e9 0.5691032472732144
1.6386234812293496e9 0.5717261545085909
1.6488425030431945e9 0.5743611503103204
1.6591252542055006e9 0.5770082903926996
1.6694721321544826e9 0.5796676307268037
1.6798835368069375e9 0.5823392275416748
1.6903598705736542e9 0.5850231373254989
1.700901538375022e9 0.5877194168268142
1.7115089476566253e9 0.5904281230556969
1.7221825084050484e9 0.5931493132849808
1.7329226331636648e9 0.5958830450514538
1.74372973704864e9 0.5986293761570896
1.754604237764918e9 0.6013883646702539
1.7655465556224241e9 0.6041600689269486
1.7765571135522523e9 0.6069445475320291
1.7876363371230702e9 0.6097418593604588
1.7987846545575168e9 0.6125520635585412
1.810002496748775e9 0.6153752195451758
1.8212902972772484e9 0.6182113870131197
1.8326484924272685e9 0.6210606259302374
1.844077521204016e9 0.623922996540783
1.8555778253504295e9 0.6267985593666598
1.8671498493643398e9 0.6296873752087142
1.8787940405155883e9 0.6325895051480068
1.890510848863377e9 0.6355050105471185
1.9023007272736018e9 0.6384339530514334
1.9141641314364164e9 0.6413763945904566
1.9261015198837857e9 0.6443323973791095
1.9381133540072696e9 0.6473020239190596
1.9502000980758007e9 0.6502853370000289
1.9623622192536533e9 0.6532823997011274
1.9746001876185236e9 0.656293275392193
1.9869144761796422e9 0.6593180277351167
1.9993055608961208e9 0.6623567206852056
2.0117739206952846e9 0.6654094184925182
2.0243200374912467e9 0.6684761857032402
2.036944396203471e9 0.6715570871610317
2.0496474847755792e9 0.6746521880084155
2.0624297941941445e9 0.6777615536881378
2.075291818507736e9 0.6808852499445684
2.088234054845946e9 0.6840233428250742
2.1012570034386728e9 0.6871758986814321
2.1143611676353953e9 0.6903429841712182
2.1275470539246535e9 0.6935246662592222
2.140815171953651e9 0.6967210122188707
2.154166034547892e9 0.6999320896336345
2.167600157731074e9 0.7031579663984742
2.181118060744959e9 0.7063987107212593
2.194720266069517e9 0.7096543911242269
2.208407299443048e9 0.7129250764454141
2.222179689882572e9 0.71621083584013
2.2360379697042074e9 0.719511738782401
2.2499826745438147e9 0.7228278550664572
2.2640143433776283e9 0.7261592548081904
2.2781335185431623e9 0.7295060084466544
2.2923407457601056e9 0.7328681867455388
2.3066365741514444e9 0.7362458607946719
2.3210215562647133e9 0.7396391020115307
2.335496248093286e9 0.7430479821427349
2.3500612090979414e9 0.7464725732655821
2.3647170022284107e9 0.7499129477895541
2.379464193945213e9 0.7533691784578651
2.39430335424147e9 0.7568413383489826
2.4092350566650186e9 0.7603295008781904
2.4242598783404975e9 0.7638337397991225
2.439378399991734e9 0.7673541292053411
2.4545912059641204e9 0.7708907435318866
2.4698988842472267e9 0.7744436575568595
2.485302026497561e9 0.7780129464030071
2.5008012280613647e9 0.7815986855392967
2.516397087997704e9 0.7852009507825294
2.5320902091015434e9 0.7888198182989246
2.5478811979271274e9 0.7924553646057491
2.5637706648113394e9 0.7961076665729165
2.579759223897376e9 0.7997768014246314
2.5958474931584024e9 0.8034628467410023
2.6120360944215183e9 0.8071658804597027
2.62832565339171e9 0.8108859808775983
2.6447167996761193e9 0.8146232266524227