#Columns: M_EDO [M_sun], f_EDO
794.3282347242813 0.046773514128719815
927.4473566318699 0.03962706455038811
1082.8755188615596 0.03357250944539208
1264.3514275658642 0.028443020023038824
1476.2403476148859 0.024251215450848213
1723.639105720544 0.021479988608149644
2012.4986907241484 0.01902543447941288
2349.7674001039195 0.016851366345376
2743.557975982777 0.014925732603549667
3203.342750965828 0.013220144241525886
3740.1814978921875 0.01170945630669983
4366.987464253486 0.010371397202144817
5098.8379905345455 0.009186240343465914
5953.337184164006 0.008136513335972642
6951.039372920766 0.007206740384661304
8115.943523645661 0.006383214139438207
9476.070519124167 0.00559582423549465
11064.13717909637 0.004580266137317213
12918.343238456251 0.0037490165891174297
15083.290212802516 0.0029556063355358642
17611.05425395174 0.0022717223333497123
20562.438802137578 0.0017972111470380676
24008.437166490352 0.0014298565789560413
28031.94021505823 0.0011199241462259983
32729.730251553417 0.000788606661141314
38214.809040010936 0.0005478999848657427
44619.11597622132 0.00036127281423258684
52096.7017894829 0.00023821509382869577
60827.43411565374 0.00013505828446144232
71021.32407624177 0.00008607119307780641
82923.57793610277 0.00009815688305906131
96820.4953535241 0.00011193958567717993
113046.35610061532 0.00012765758702870696
131991.46090881855 0.00014558263216185997
154111.51985596213 0.00016602462321655285
179938.6141253613 0.0001893369772539369
210093.99481373763 0.00021592273640578727
245303.02665354148 0.0002462415359807571
286412.6361095464 0.00028081755099754836
334411.6835504006 0.00032024855853085354
390454.74953221116 0.0003652162725469571
455889.90735511883 0.00041649812990568854
532291.1499405723 0.00047498073129431033
621496.2510331522 0.0005416751694706636
725650.9714493407 0.0006177345098221814
847260.6737209138 0.000704473725458292
989250.5866839201 0.0008033924314896103
1.155036169632059e6 0.0009162008115418387
1.3486052685906223e6 0.0010448491847421385
1.57461404091765e6 0.0011915617243550719
1.8384989556255816e6 0.0013588749110221457
2.1466075635058605e6 0.0015496813854144866
2.506351182632372e6 0.0017672799584575044
2.926383171977275e6 0.0020154326437432078
3.4168070813753596e6 0.002298429698150969
3.9894196847259146e6 0.0026211637951496117
4.657994742410849e6 0.002989214613146641
5.438614318618062e6 0.0034089453013139174
6.350055623156079e6 0.003887612490666014
7.414242682945417e6 0.004433491752348495
8.656773707800701e6 0.005056020672156733
1.0107536835886061e7 0.005765962014868954
1.1801429070132053e7 0.006575589799305546
1.3779195699082317e7 0.007498901501125078
1.6088410393800225e7 0.008551860052084578
1.8784619556319855e7 0.009752669819635282
2.1932678446072623e7 0.011122091338204227
2.560831122379467e7 0.012683800233481448
2.989993243858259e7 0.014464796545074902
3.491077377258352e7 0.016495871524222366
4.0761367200543284e7 0.018812139976922174
4.75924442947278e7 0.021453647356046348
5.556832141578852e7 0.02446606209831621
6.488085221776386e7 0.027901465175802134
7.57540425417143e7 0.03181925051232799
8.844943870574892e7 0.036287151831881456
1.0327241880265507e8 0.04138241369198374
1.2057953833750829e8 0.04719312694775597
1.4078710689898968e8 0.05381975173522669
1.643812021697042e8 0.06137685430439926
1.9192936215490326e8 0.06999508772980408
2.2409423687726858e8 0.07982345074260004
2.616495279188965e8 0.09103186373667721
3.0549859922402054e8 0.10381410648475614
3.566962068311792e8 0.11839116835401085
4.164738702269864e8 0.1350150689423488
4.862694956101317e8 0.1539732151894896
5.677619636306561e8 0.17559337029196434
6.629115135862548e8 0.2002493203285106
7.740068954867398e8 0.22836733656490177
9.037204241936442e8 0.26043354516355893
1.0551722599204353e9 0.2970023317112328
1.2320054613118088e9 0.33870592586876813
1.43847361644683e9 0.38626533184985296
1.6795431596629305e9 0.4405027937033645
1.9610128353541605e9 0.5023560109088352
2.2896531823543735e9 0.5728943500553089
2.6733693940961423e9 0.653337332883743
3.1213914720224495e9 0.7450757203285997
3.6444962462467856e9 0.849695557075969
4.255266603999802e9 0.9690055923392946