#Columns: M_EDO [M_sun], f_EDO
14110.927143234672 0.005071655148422987
16010.699666763068 0.0042887389118213045
18166.24104265095 0.003626682200482324
20611.9857650428 0.00306682781435853
23387.004288936267 0.002633355300899638
26535.627175637466 0.0022665875771049693
30108.15326773332 0.0019509024258638663
34161.65320658352 0.0015998132473686014
38760.88112842056 0.0012939467106261129
43979.30910328457 0.0010465584609291418
49900.30084182102 0.0008410825275216466
56618.44341975535 0.0006744814699754479
64241.05829416973 0.0005408806371007803
72889.9157498729 0.00041897223034414625
82703.18016391945 0.00030025574641785843
93837.61716362863 0.000215177777254814
106471.09793716574 0.00014696720856273473
120805.44070272302 0.00014118503892916054
137069.63472840082 0.00015702985932764042
155523.49840609232 0.00017465290166354585
176461.82981662342 0.00019425373104264715
200219.11609089142 0.0002160543092303242
227174.87679843514 0.0002403015081689439
257759.7267233766 0.00026726990558059336
292462.2548797942 0.00029726489431284854
331836.8296579074 0.0003306261406381311
376512.45478726755 0.00036773143066877136
427202.81758982904 0.0004090009484449878
484717.6900424288 0.00045490203414125886
549975.864779179 0.0005059544762735164
624019.8326847324 0.0005627363978366317
708032.4365510639 0.0006258908030274173
803355.7668377962 0.0006961328586888935
911512.6013933658 0.0007742579929316255
1.0342307316338181e6 0.0008611509026417298
1.1734705637867749e6 0.0009577955718774938
1.3314564361268724e6 0.0010652864146039162
1.5107121524914484e6 0.0011848406679466443
1.7141012997197853e6 0.0013178121763077332
1.944872993081781e6 0.0014657067224359767
2.2067137804733193e6 0.0016301990790623415
2.5038065345411915e6 0.0018131519741950237
2.840897273531559e6 0.0020166371848389375
3.22337097831641e6 0.0022429589980071337
3.6573376167651303e6 0.002494680304698909
4.149729749689466e6 0.0027746516223355654
4.708413277604078e6 0.0030860433743066557
5.3423130974679375e6 0.003432381792163683
6.061555676756668e6 0.0038175888470212017
6.877630822468189e6 0.004246026662352625
7.803575229300547e6 0.004722546911115603
8.854180739160307e6 0.0052525457565851166
1.0046230638920132e7 0.0058420249590496725
1.1398767771251671e7 0.006497659840349146
1.2933398741569394e7 0.0072268748758912964
1.4674639080752233e7 0.008037927770158939
1.6650304877572365e7 0.008940002967786836
1.889195713710857e7 0.009943315659137477
2.1435405963712588e7 0.011059227458145278
2.4321282622785397e7 0.012300375062376715
2.759568861997664e7 0.013680813352265848
3.1310932166763123e7 0.015216174549995468
3.552636379734856e7 0.01692384524035502
4.030932448575626e7 0.018823163258177317
4.573622140916252e7 0.020935636671927146
5.18937485426504e7 0.023285187343234166
5.8880271584227204e7 0.02589842182046252
6.6807399334102534e7 0.02880493263394325
7.580176663080898e7 0.03203763340476747
8.600705732633671e7 0.03563313156194535
9.758629961704941e7 0.03963214288861808
1.1072447039799374e8 0.04407995259168533
1.2563145024482772e8 0.04902692811604813
1.4254537622881782e8 0.05452908951062578
1.6173644612569273e8 0.06064874380503028
1.8351123479009563e8 0.06745519058064292
2.0821759164915845e8 0.07502550672605122
2.3625019755202264e8 0.08344541926349579
2.6805686974525878e8 0.09281027613030157
3.0414571569534403e8 0.10322612590851934
3.4509325003959984e8 0.1148109187297476
3.915536043328091e8 0.12769584195429753
4.442689767140361e8 0.14202680575007004
5.040814884257172e8 0.1579660953939876
5.719466365913786e8 0.17569420900680982
6.489485581583625e8 0.19541190153202628
7.363173488450683e8 0.21734245810504926
8.354487137606465e8 0.24173422255656854
9.479262636132487e8 0.26886340968309425
1.0755468126858714e9 0.2990372331311231
1.2203490827116787e9 0.33259738431540276
1.3846462711894927e9 0.3699239017669152
1.5710630044140713e9 0.4114394747274656
1.7825772655410438e9 0.4576142297252146
2.0225679674819062e9 0.5089710543348169
2.2948689305999107e9 0.566091518408964
2.6038301274935484e9 0.6296224598339499
2.9543871732450967e9 0.7002833093870225
3.3521401712319713e9 0.7788742376429425
3.8034431740524116e9 0.8662852161861264
4.315505688692399e9 0.9635060957384892