#Columns: M_EDO [M_sun], f_EDO
1.4202970138206534e9 0.3747801737385342
1.3254982965572503e9 0.3540291349256416
1.237026985961136e9 0.33442705126562794
1.154460754850171e9 0.3159103067653286
1.0774054645652645e9 0.2984188077575568
1.0054932835077105e9 0.28189578787498754
9.383809312560605e8 0.26628762382235605
8.757480398806018e8 0.25154366134907424
8.172956246331075e8 0.23761605085750825
7.62744656711412e8 0.22445959211337418
7.118347312858479e8 0.21203158755430587
6.64322824429189e8 0.20029170372051425
6.19982133016146e8 0.18920184035782642
5.786009920546088e8 0.1787260067683066
5.399818642803701e8 0.1688302050071659
5.039403971920333e8 0.15948231954688413
4.7030454302480775e8 0.1506520130504777
4.3891373746226597e8 0.1423106279156497
4.0961813316554004e8 0.13443109327029476
3.822778844611754e8 0.12698783711753564
3.567624797729677e8 0.11995670334515617
3.3295011861112076e8 0.11331487333010654
3.107271301446972e8 0.10704079188365438
2.8998743058184546e8 0.10111409729684284
2.7063201676757544e8 0.09551555525923404
2.5256849358170354e8 0.090226996436477
2.357106328809424e8 0.08523125750411219
2.199779618797196e8 0.08051212544625291
2.0529537900480515e8 0.07605428493836834
1.91592795389983e8 0.07184326864340308
1.7880480029941908e8 0.06786541025993245
1.6687034888258022e8 0.06410780016997282
1.5573247077016258e8 0.06055824354250737
1.4533799811999553e8 0.05720522075676113
1.3563731181471103e8 0.05391746693732857
1.2658410459962127e8 0.05076203275873103
1.181351600301329e8 0.047791265357358836
1.102501461734625e8 0.044994357403164466
1.0289142307988052e8 0.04236113404793883
9.602386310442142e7 0.039882015910315996
8.961468322134276e7 0.03754798422702019
8.363328853087802e7 0.03535054804358276
7.80511262112377e7 0.03328171332516904
7.28415492186863e7 0.03133395387514536
6.797968908505465e7 0.02950018395559118
6.3442337205469616e7 0.027773732510151777
5.920783404961744e7 0.02614831889545761
5.5255965767679974e7 0.024618030032824326
5.1567867697378725e7 0.023177298897112723
4.8125934311508894e7 0.021820884264494182
4.491373517608912e7 0.020543851645446295
4.191593651794226e7 0.019341555333614237
3.911822802730324e7 0.018209621505234273
3.6507254546038195e7 0.017143932307636656
3.407055231538063e7 0.01614061087894347
3.1796489478857838e7 0.01519600724446525
2.9674210556390397e7 0.014306685038488216
2.7693584624506794e7 0.01346940900314798
2.5845156955306374e7 0.012681133218911981
2.4120103883312978e7 0.011938990023854009
2.2510190684772026e7 0.01124027958141071
2.1007732268323846e7 0.010582460058668645
1.9605556489404988e7 0.009963138379451439
1.829696991325555e7 0.009380061518567757
1.7075725863098882e7 0.008831108305549808
1.5935994600967435e7 0.00831428170806484
1.4872335498830479e7 0.007827701566927827
1.3879671067179328e7 0.007715177277629301
1.2953262717092663e7 0.00833415955627649
1.2088688140080038e7 0.009002802270127196
1.1281820197723292e7 0.0097250896347392
1.0528807220343616e7 0.010505325515982456
9.826054620648086e6 0.01134815907531856
9.170207734585986e6 0.012258612472579932
8.558135807504198e6 0.013242110791320053
7.986917049158018e6 0.014304514365049538
7.453824686235544e6 0.015452153696979484
6.956313945816086e6 0.01669186718134705
6.492009907626959e6 0.018031041851091133
6.058696167109532e6 0.019477657394681182
5.654304255177213e6 0.02104033370437885
5.276903764158869e6 0.022728382239257782
4.924693132793092e6 0.0245518615090359
4.595991046284558e6 0.026521637009329153
4.289228410369533e6 0.028649445965461418
4.0029408610780057e6 0.030947967270616716
3.7357617744370573e6 0.03343089703507074
3.4864157427463876e6 0.03611303019667524
3.2537124862844003e6 0.03901034867888406
3.0365411713817855e6 0.04214011662162369
2.8338651077391887e6 0.04552098325245829
2.6447167996761193e6 0.04917309401102356
2.468193327687796e6 0.053118210588879784
2.3034520382630713e6 0.057379840600065915
2.1497065213886052e6 0.06198337765501159
2.0062228565372578e6 0.06695625267246509
1.8723161092206195e6 0.07232809733105144
1.7473470613816308e6 0.07813092063441263
1.6307191600193933e6 0.08439929964202385
1.5218756694801545e6 0.09117058550218488
1.4202970138206535e6 0.09848512601486664