#Columns: M_EDO [M_sun], f_EDO
31.622776601683793 1.01
39.810717055349734 1.01
50.11872336272722 1.01
63.09573444801933 1.01
79.43282347242814 1.01
100. 1.01
125.89254117941675 1.01
158.48931924611142 1.01
199.52623149688787 1.01
251.18864315095797 1.01
316.22776601683796 0.9898049339079471
398.1071705534973 0.9060106203489509
501.18723362727246 0.8229392474237249
630.957344480193 0.7420136996890903
794.3282347242822 0.6641362273144085
1000. 0.5905119450207097
1258.9254117941675 0.5283912426581794
1584.893192461114 0.47599351011937896
1995.2623149688789 0.43078322692811255
2511.886431509582 0.38778089113772335
3162.2776601683795 0.3625622709348164
3981.0717055349733 0.3359050260786999
5011.872336272725 0.32544886097891224
6309.573444801937 0.31499269587912454
7943.282347242822 0.3047228198338232
10000. 0.2946992774657529
12589.254117941662 0.2867325532486261
15848.93192461114 0.28016784333685496
19952.62314968883 0.27776963516945496
25118.864315095823 0.2762143216113161
31622.776601683792 0.2746590080531772
39810.71705534969 0.27357124311645103
50118.72336272725 0.2725584074522782
63095.73444801943 0.27154557178810534
79432.82347242821 0.2704204658553061
100000. 0.2690294753356065
125892.54117941661 0.2687294243278179
158489.3192461114 0.2693690419195503
199526.2314968883 0.2699360822373051
251188.6431509582 0.2700786471808007
316227.7660168379 0.2702212121242963
398107.17055349774 0.2703637770677919
501187.2336272725 0.2704708445909291
630957.344480193 0.27036619104971393
794328.2347242822 0.2708972928385651
1.e6 0.2718306641383147
1.2589254117941686e6 0.27324593438758454
1.5848931924611141e6 0.2746612046368544
1.9952623149688828e6 0.2760764748861243
2.5118864315095823e6 0.2774917451353941
3.1622776601683795e6 0.278906708737103
3.9810717055349774e6 0.2801530438952615
5.011872336272725e6 0.2810533072775321
6.309573444801942e6 0.28138756184437286
7.943282347242822e6 0.2816277259741822
1.e7 0.2818644194034123
1.2589254117941687e7 0.28199941554926267
1.5848931924611142e7 0.2818491930465892
1.995262314968883e7 0.2807518175299294
2.5118864315095823e7 0.27944783410142254
3.162277660168379e7 0.27802800491698587
3.9810717055349775e7 0.27651267353512776
5.011872336272725e7 0.27499734215326976
6.309573444801943e7 0.27348201077141165
7.943282347242822e7 0.27196667938955366
1.e8 0.2704513480076956