#Columns: M_EDO [M_sun], f_EDO
31.622776601683793 1.01
39.810717055349734 1.01
50.11872336272722 1.01
63.09573444801933 1.01
79.43282347242814 1.01
100. 1.01
125.89254117941675 1.01
158.48931924611142 1.01
199.52623149688787 1.01
251.18864315095797 1.01
316.22776601683796 1.01
398.1071705534973 1.01
501.18723362727246 1.01
630.957344480193 1.01
794.3282347242822 1.01
1000. 1.01
1258.9254117941675 1.01
1584.893192461114 1.01
1995.2623149688789 1.01
2511.886431509582 1.01
3162.2776601683795 1.01
3981.0717055349733 1.01
5011.872336272725 1.01
6309.573444801937 1.01
7943.282347242822 1.01
10000. 0.9714188516492002
12589.254117941662 0.9178592651825338
15848.93192461114 0.8666265734194822
19952.62314968883 0.8215126008844824
25118.864315095823 0.776398628349483
31622.776601683792 0.7312846558144837
39810.71705534969 0.6869251241264578
50118.72336272725 0.6426807111572341
63095.73444801943 0.5984362981880105
79432.82347242821 0.5547286716444398
100000. 0.5170261447439839
125892.54117941661 0.4826257851027542
158489.3192461114 0.4503028838148958
199526.2314968883 0.4179001792649818
251188.6431509582 0.3816896614664098
316227.7660168379 0.3592473839136084
398107.17055349774 0.34209342340485877
501187.2336272725 0.3249112058814414
630957.344480193 0.3084787034698987
794328.2347242822 0.3006812980041217
1.e6 0.29304440256784803
1.2589254117941686e6 0.2879600345357734
1.5848931924611141e6 0.2833788559734788
1.9952623149688828e6 0.27884579170153145
2.5118864315095823e6 0.27602970703368934
3.1622776601683795e6 0.2751025977888397
3.9810717055349774e6 0.2740254756403
5.011872336272725e6 0.27287020686674357
6.309573444801942e6 0.2717149380931871
7.943282347242822e6 0.2711482461581879
1.e7 0.27067614837048215
1.2589254117941687e7 0.2700352656644168
1.5848931924611142e7 0.2694649834638651
1.995262314968883e7 0.26936779193829774
2.5118864315095823e7 0.268961735013833
3.162277660168379e7 0.26837206666464364
3.9810717055349775e7 0.2676238952555966
5.011872336272725e7 0.26687572384654945
6.309573444801943e7 0.26612755243750236
7.943282347242822e7 0.26537938102845526
1.e8 0.2646312096194082