#Columns: M_EDO [M_sun], f_EDO
269.20664156185 0.9999999999999998
293.20337618308105 0.8094360880483528
319.3391489392591 0.6551867806350208
347.8046309452244 0.5303318246582056
378.8074894943521 0.429269717518883
412.5739030761003 0.34746640086610525
449.3502114402759 0.2812518442453011
489.40471274591704 0.2276553925623012
533.0296209057159 0.18427249037874116
580.543197405615 0.14915680374709597
632.2920731520659 0.12073289973084528
688.6537772857738 0.09771328891967661
750.0394914106558 0.0790014018180909
816.89704933123 0.06387280131726969
889.7142041827551 0.05164129565079652
969.0221867891507 0.04175209731676403
1055.399581208381 0.033756659440469426
1149.4765457389803 0.02729233092015965
1251.9394101816854 0.022065907569115334
1363.5356828950696 0.0178403331790575
1485.0795041736935 0.014423947301640051
1617.4575857333864 0.011661792056928421
1761.6356796346256 0.00940893656496682
1918.6656238374394 0.0075500328025518695
2089.6930157880493 0.006058388737772335
2275.9655700191634 0.004861445646376647
2478.8422207360472 0.003900980078304535
2699.803035795435 0.0031302716677848496
2940.4600144037895 0.0025118304932219226
3202.568847308559 0.002015573437798223
3488.0417252777634 0.0016173608426684604
3798.9612893110348 0.0012978222704972489
4137.595824354563 0.0010414142604192526
4506.415807364301 0.0008258888597809064
4908.111930442295 0.0006532277270041211
5345.614730532248 0.0005166632995148622
5822.115968880985 0.0004086491648017571
6341.091916237656 0.00032321657073374095
6906.328713665741 0.0002556445983379383
7521.949993985264 0.00020219928857918428
8192.446965354988 0.00015992730755015866
8922.71117646646 0.0001264927482186803
9718.070202385461 0.0001000480505613225
10584.326511383551 0.0000747786013931551
11527.799796309095 0.000055885045305042044
12555.373079322453 0.000041765133748977555
13674.54292634805 0.00003121275803837646
14893.474137578274 0.000023326544821278936
16221.059313018766 0.00001743286167246498
17666.983727629948 0.000013028276087167012
19241.79598935545 9.712621160811785e-6
20956.98499551653 7.066363906957893e-6
22825.063749000743 5.1410940505975496e-6
24859.66064571814 3.740374595067816e-6
27075.618899304183 2.7212888878783737e-6
29489.104828413154 1.9798587074822088e-6
32117.725796601626 1.4404352728053255e-6
34980.658665222785 1.0479807307968555e-6
38098.78969644529 7.828748641843606e-7
41494.86692704982 5.875096818259445e-7
45193.66612462809 4.408975712853405e-7
49222.17153690656 3.308722807106039e-7
53609.772752831566 2.483036271292722e-7
58388.47911159962 1.8633985026832355e-7
63593.15322383337 1.3983903577833707e-7
69261.76530853564 1.0494242589149103e-7
75435.6702013132 1.e-7
82159.90905475816 1.e-7
89483.53793201431 1.e-7
97459.98569075235 1.e-7
106147.44376846364 1.e-7
115609.29071271369 1.e-7
125914.55455348128 1.e-7
137138.4163907686 1.e-7
149362.75887137256 1.e-7
162676.763556163 1.e-7
177177.56153592316 1.e-7
192970.94204224166 1.e-7
210172.12422307854 1.e-7
228906.59771340995 1.e-7
249311.03813326336 1.e-7
271534.3041920728 1.e-7
295738.523673637 1.e-7
322100.2762243833 1.e-7
350811.8815738596 1.e-7
382082.80258554925 1.e-7
416141.17337383056 1.e-7
453235.463635334 1.e-7
493636.29133663967 1.e-7
537638.3969826582 1.e-7
585562.7938687301 1.e-7
637759.1100034737 1.e-7
694608.1387875936 1.e-7
756524.6170569591 1.e-7
823960.2507568558 1.e-7
897407.0103209679 1.e-7
977400.7197962113 1.e-7
1.0645249658975517e6 1.e-7
1.1594153555109508e6 1.e-7
1.2627641527046652e6 1.e-7
1.375325329077781e6 1.e-7
1.4979200642903382e6 1.e-7
1.6314427369036556e6 1.e-7
1.7768674492364544e6 1.e-7
1.9352551338383434e6 1.e-7
2.107761293425135e6 1.e-7
2.295644430742185e6 1.e-7
2.500275229854805e6 1.e-7
2.723146555847259e6 1.e-7
2.965884345881955e6 1.e-7
3.2302594710738095e6 1.e-7
3.518200655716787e6 1.e-7
3.831808548113752e6 1.e-7
4.1733710456620334e6 1.e-7
4.545379985997455e6 1.e-7
4.9505493259655265e6 1.e-7
5.391834941042804e6 1.e-7
5.872456189653266e6 1.e-7
6.395919399700182e6 1.e-7
6.966043448657297e6 1.e-7
7.586987623836546e6 1.e-7
8.263281966084196e6 1.e-7
8.999860318275295e6 1.e-7
9.802096319708351e6 1.e-7
1.0675842608994257e7 1.e-7
1.1627473521440404e7 1.e-7
1.266393159242485e7 1.e-7
1.3792778206021583e7 1.e-7
1.5022248758379249e7 1.e-7
1.6361312738292702e7 1.e-7
1.7819739163279597e7 1.e-7
1.9408167848544907e7 1.e-7
2.113818702876948e7 1.e-7
2.3022417899005234e7 1.e-7
2.5074606691437315e7 1.e-7
2.7309724959750637e7 1.e-7
2.9744078802716214e7 1.e-7
3.239542782382793e7 1.e-7
3.5283114694848314e7 1.e-7
3.8428206268483244e7 1.e-7
4.185364726965876e7 1.e-7
4.55844276866414e7 1.e-7
4.964776508318819e7 1.e-7
5.4073303161767766e7 1.e-7
5.8893328026452236e7 1.e-7
6.4143003723205775e7 1.e-7
6.986062877593231e7 1.e-7
7.608791558981736e7 1.e-7
8.287029476032527e7 1.e-7
9.025724650790998e7 1.e-7
9.83026616563908e7 1.e-7
1.070652347884774e8 1.e-7
1.1660889244667286e8 1.e-7
1.270032595034591e8 1.e-7
1.3832416710311702e8 1.e-7
1.5065420588083276e8 1.e-7
1.6408332849504575e8 1.e-7
1.7870950586875427e8 1.e-7
1.9463944192732912e8 1.e-7
2.1198935204714102e8 1.e-7
2.3088581089410114e8 1.e-7
2.5146667583743763e8 1.e-7
2.738820926753907e8 1.e-7
2.982955910100097e8 1.e-7
3.2488527726225525e8 1.e-7
3.538451340309318e8 1.e-7
3.8538643527480763e8 1.e-7
4.197392876422588e8 1.e-7
4.571543091930607e8 1.e-7
4.979044577592822e8 1.e-7
5.422870222839099e8 1.e-7
5.906257916648821e8 1.e-7
6.432734169270575e8 1.e-7
7.006139839551744e8 1.e-7
7.63065815556932e8 1.e-7
8.31084523298381e8 1.e-7
9.051663313759954e8 1.e-7
9.858516967744312e8 1.e-7
1.0737292521205187e9 1.e-7
1.1694400999982026e9 1.e-7
1.2736824900531898e9 1.e-7
1.3872169130087016e9 1.e-7
1.5108716487552726e9 1.e-7
1.6455488089901602e9 1.e-7
1.7922309184898636e9 1.e-7
1.9519880830287795e9 1.e-7
2.1259857962370708e9 1.e-7
2.3154934423516927e9 1.e-7
2.521893556891772e9 1.e-7
2.7466919128187337e9 1.e-7
2.991528505763815e9 1.e-7
3.2581895184646144e9 1.e-7
3.54862035169616e9 1.e-7
3.8649398167625e9 1.e-7
4.2094555930888004e9 1.e-7
4.584681063683305e9 1.e-7
4.993353651290762e9 1.e-7
5.438454789007111e9 1.e-7
5.923231671049154e9 1.e-7
6.451220942359852e9 1.e-7
7.026274499874608e9 1.e-7