#Columns: M_EDO [M_sun], f_EDO
434.8287329489997 1.
476.6094624487846 0.7989813709233066
522.4047135872274 0.638371231082488
572.6002236211987 0.5100467213682851
627.6187935588006 0.4075178286737713
687.9238494478675 0.32559915342945894
754.0233458525885 0.2601476579785377
826.4740443975826 0.20785313241417958
905.8862034179449 0.16607078068698478
992.9287182165956 0.13268746002359122
1088.3347552257494 0.10601480871398035
1192.9079275295087 0.08499967197877514
1307.529063764554 0.06823397513474526
1433.1636274139173 0.05477521564849854
1570.8698489872154 0.04397111912965076
1721.8076395853373 0.03529806856300231
1887.2483609293308 0.028335727380616967
2068.5855341472493 0.02274666798710392
2267.346577519954 0.018260018441223175
2485.2056720539254 0.014658334735568586
2723.997863248874 0.011767062443644682
2985.7345178405153 0.009435376917624319
3272.620265711957 0.007541277468952966
3587.07156967687 0.006027407952035155
3931.737079549273 0.004817439322425643
4309.519941943947 0.0038503651669067386
4723.602253724859 0.003077425770474271
5177.471865075031 0.002459649659771751
5674.951757952345 0.001965888668009339
6220.232247388505 0.0015712474496738568
6817.906276865432 0.0012558282614277096
7473.00810506502 0.0010037277212624272
8191.05570985392 0.0008084359548215293
8978.097266675812 0.0006512260845171364
9840.762092842513 0.0005245875206640749
10786.316486831969 0.0004225753135188469
11822.72493293217 0.0003404005786670282
12958.717186763131 0.0002742056865365837
14203.86180674357 0.00022088316895179885
15568.646750864293 0.00017792984143557972
17064.56771764146 0.00014332929314410267
18704.224975353438 0.00011545722801436814
20501.42949516154 0.00009310868854638
22471.319282083026 0.00007525172703358645
24630.486883682435 0.000060819484303192576
26997.11915049683 0.00004915514655571093
29591.150425409567 0.000039727867814008596
32434.430452298857 0.00003210861103340514
35550.908418270905 0.000025950622553445218
38966.8346796792 0.000020973651280360775
42710.9818710872 0.000016951194412550915
46814.88725959194 0.00001370018925990054
51313.11838588075 0.000011072682029894097
56243.564229537544 9.035146966498417e-6
61647.754351108175 7.437581506327645e-6
67571.20869908699 6.122492403098695e-6
74063.82102827536 5.039933101117669e-6
81180.27915908098 4.1487884331037775e-6
88980.52561763403 3.41521308265751e-6
97530.2625367328 2.8113461527439696e-6
106901.5050704414 2.31425302001893e-6
117173.18798379618 1.9050542870501165e-6
128431.83052698037 1.5682087503890707e-6
140772.26519425266 1.2909231519091925e-6
154298.436506034 1.0626662960028218e-6
169124.27654235557 8.56215357800207e-7
185374.66460236371 6.831869265952467e-7
203186.4790731733 5.45124976349197e-7
222709.75036804783 4.349632996062388e-7
244108.92464520741 3.470636646873291e-7
267564.2489516646 2.7692724295415787e-7
293273.28945928364 2.2096435234521198e-7
321452.5955812814 1.7631073232986777e-7
352339.52398617216 1.4068094697071162e-7
386194.23787297506 1.12251413053789e-7
423301.8983477456 1.e-7
463975.06635959167 1.e-7
508556.3354278625 1.e-7
557421.2173362189 1.e-7
610981.3051000067 1.e-7
669687.7398488868 1.e-7
734035.0108265632 1.e-7
804565.1205153198 1.e-7
881872.1499685814 1.e-7
966607.2628056444 1.e-7
1.0594841900176886e6 1.e-7
1.161285241784015e6 1.e-7
1.2728678969365675e6 1.e-7
1.3951720255763486e6 1.e-7
1.529227805678416e6 1.e-7
1.6761644003677417e6 1.e-7
1.8372194689552789e6 1.e-7
2.0137495918465853e6 1.e-7
2.20724169713281e6 1.e-7
2.419325585111223e6 1.e-7
2.651787656230377e6 1.e-7
2.9065859580915053e6 1.e-7
3.185866678248368e6 1.e-7
3.491982221725767e6 1.e-7
3.8275110255251527e6 1.e-7
4.195279277016631e6 1.e-7
4.5983847191531835e6 1.e-7
5.040222743020422e6 1.e-7
5.524514987501668e6 1.e-7
6.055340686955581e6 1.e-7
6.637171030950819e6 1.e-7
7.274906825472213e6 1.e-7
7.973919772822313e6 1.e-7
8.740097717922244e6 1.e-7
9.579894242125347e6 1.e-7
1.0500383022276236e7 1.e-7
1.1509317412886776e7 1.e-7
1.2615195753293918e7 1.e-7
1.3827332949887644e7 1.e-7
1.5155938936351908e7 1.e-7
1.6612204672795868e7 1.e-7
1.8208396408153377e7 1.e-7
1.9957958999830432e7 1.e-7
2.187562916087176e7 1.e-7
2.397755958853551e7 1.e-7
2.628145501982262e7 1.e-7
2.880672135996751e7 1.e-7
3.1574629140012093e7 1.e-7
3.460849268028013e7 1.e-7
3.793386646886012e7 1.e-7
4.157876040921129e7 1.e-7
4.557387574993868e7 1.e-7
4.99528636839957e7 1.e-7
5.475260879551623e7 1.e-7
6.001353974177293e7 1.e-7
6.5779969787162274e7 1.e-7
7.21004700575613e7 1.e-7
7.902827865901265e7 1.e-7
8.662174910677412e7 1.e-7
9.494484184189197e7 1.e-7
1.0406766297538216e8 1.e-7
1.1406705479790725e8 1.e-7
1.2502724302886218e8 1.e-7
1.3704054625669965e8 1.e-7
1.5020815354617795e8 1.e-7
1.6464097676237285e8 1.e-7
1.8046058479065785e8 1.e-7
1.978002275216632e8 1.e-7
2.16805958226326e8 1.e-7
2.376378637748918e8 1.e-7
2.604714130621002e8 1.e-7
2.854989349964675e8 1.e-7
3.129312385028758e8 1.e-7
3.4299938818390125e8 1.e-7
3.759566505964198e8 1.e-7
4.1208062753714395e8 1.e-7
4.516755943059361e8 1.e-7
4.9507506264227545e8 1.e-7
5.426445899227364e8 1.e-7
5.94784858281549e8 1.e-7
6.519350495899593e8 1.e-7
7.14576544722116e8 1.e-7
7.832369782667111e8 1.e-7
8.58494682837558e8 1.e-7
9.409835604178861e8 1.e-7
1.0313984217701485e9 1.e-7
1.1305008388855727e9 1.e-7
1.2391255597691793e9 1.e-7
1.3581875395925255e9 1.e-7
1.4886896474381647e9 1.e-7
1.6317311135503902e9 1.e-7
1.7885167882441254e9 1.e-7
1.9603672904606276e9 1.e-7
2.148730131452019e9 1.e-7
2.3551919072904677e9 1.e-7
2.581491662900513e9 1.e-7
2.829535540180917e9 1.e-7
3.1014128335984073e9 1.e-7
3.3994135884908695e9 1.e-7
3.72604789031215e9 1.e-7
4.0840670072931643e9 1.e-7
4.476486564605912e9 1.e-7
4.906611945228253e9 1.e-7
5.378066131463083e9 1.e-7
5.894820221623395e9 1.e-7
6.461226878927693e9 1.e-7
7.082056994348968e9 1.e-7
7.76253987223104e9 1.e-7
8.508407277159443e9 1.e-7
9.325941713097214e9 1.e-7
1.0222029341444836e10 1.e-7
1.1204217983757666e10 1.e-7
1.2280780697682331e10 1.e-7
1.346078546161825e10 1.e-7
1.475417155506315e10 1.e-7
1.6171833278001335e10 1.e-7
1.7725711714509884e10 1.e-7
1.9428895313515507e10 1.e-7
2.129573013390174e10 1.e-7
2.3341940682571518e10 1.e-7
2.558476236329269e10 1.e-7
2.804308665195549e10 1.e-7
3.0737620221064846e10 1.e-7
3.3691059353786648e10 1.e-7
3.692828111665232e10 1.e-7
4.047655290118457e10 1.e-7