#Columns: M_EDO [M_sun], f_EDO
698.1250956251771 1.
766.3331998698715 0.7977658998395861
841.2053611923155 0.6364304309468629
923.3926702103644 0.5077224954296198
1013.6098302912428 0.40504369343521074
1112.6413726340097 0.3231300465676895
1221.3484785769915 0.25778213236528014
1340.6764684571965 0.205649794788955
1471.6630221450403 0.1640603935916365
1615.4472027404108 0.13088178752166854
1773.279361900432 0.10441302699483743
1946.5320129359282 0.08353871684044249
2136.711766229387 0.06688336101148049
2345.4724307651986 0.053548631692968376
2574.629395703449 0.04287248596398993
2826.175417059886 0.03432487431744925
3102.297946773544 0.02748142475102318
3405.3981548560832 0.022002373537088896
3738.1118100400563 0.01761569662604799
4103.332200504903 0.014103604190605686
4504.235293999941 0.011291727791857123
4944.307356157593 0.00905491594238754
5427.375267166584 0.007275183022315525
5957.639800439764 0.005845254483304691
6539.712152668898 0.004696376691801642
7178.654042932967 0.003773309458860056
7880.021729562962 0.003031669988733539
8649.914327535213 0.0024357988712021225
9495.026846562832 0.001957045510559705
10422.708411106178 0.001572390551487394
11441.026168585104 0.0012633390654771916
12558.835441541107 0.001015031280142862
13785.856733794615 0.0008203545892053104
15132.760260245046 0.0006633019782211274
16611.258735387855 0.0005363162711605815
18234.20922744015 0.0004336413159553389
20015.724963801207 0.0003506229458534822
21971.298060112105 0.0002834980100734584
24117.93424017002 0.00022922379343990725
26474.30071822518 0.00018534009274127352
29060.888529650285 0.00014985769784998067
31900.190721614585 0.00012116822255099138
35016.897953313586 0.00009810137317967048
38438.11320670109 0.00008041991049443477
42193.5874748538 0.00006592529537877224
46315.97847752255 0.00005404314110843374
50841.1346536672 0.00004430258649711773
55808.4069005852 0.00003631763680050589
61260.99077052422 0.00002977186767321753
67246.30210053356 0.000024405886033290253
73816.38934204131 0.00002000705093841973
81028.38617578955 0.000016401047137011336
88945.00834807838 0.000013444977374147426
97635.09904882617 0.000011021699717172815
107174.22757406537 9.181818928848063e-6
117645.346478866 7.768061099309737e-6
129139.51293530558 6.571984669945998e-6
141756.68056843948 5.56007244920394e-6
155606.5686560969 4.70396800859411e-6
170809.61625109817 3.979681061358249e-6
187498.0295229604 3.3669151918546034e-6
205816.9314268154 2.8484990968779666e-6
225925.62369709066 2.4099054008085036e-6
247998.97214029366 2.0388435605302883e-6
272228.9272734407 1.7249154522502128e-6
298826.193531661 1.4593239888585117e-6
328022.0615604423 1.2346266025269497e-6
360070.4195262 1.044526684481868e-6
395249.9609355804 8.316284500414173e-7
433866.60816277046 6.481065873925852e-7
476256.17275986733 5.050839092875493e-7
522787.275684472 3.9362314838911157e-7
573864.5528388683 3.0675929305747913e-7
629932.1737962797 2.3906435447770333e-7
691477.7043131368 1.8630817998114443e-7
759036.3462158989 1.4519411730670052e-7
833195.5915325892 1.1315301186778574e-7
914600.3313415527 1.e-7
1.0039584637640989e6 1.e-7
1.1020470498683457e6 1.e-7
1.209719071016167e6 1.e-7
1.327910846415351e6 1.e-7
1.4576501753802372e6 1.e-7
1.6000652751061665e6 1.e-7
1.7563945916809053e6 1.e-7
1.9279975696499294e6 1.e-7
2.1163664737880016e6 1.e-7
2.3231393658795496e6 1.e-7
2.550114349354344e6 1.e-7
2.799265205650221e6 1.e-7
3.0727585582771692e6 1.e-7
3.3729727138420274e6 1.e-7
3.7025183438758897e6 1.e-7
4.064261187314033e6 1.e-7
4.461346971049868e6 1.e-7
4.8972287652727505e6 1.e-7
5.375697011472547e6 1.e-7
5.9009124842354385e6 1.e-7
6.477442473467698e6 1.e-7
7.110300501689206e6 1.e-7
7.804989921779454e6 1.e-7
8.567551774303595e6 1.e-7
9.404617320586827e6 1.e-7
1.0323465708366971e7 1.e-7
1.1332087271487063e7 1.e-7
1.2439253014084239e7 1.e-7
1.365459088351143e7 1.e-7
1.4988669495263921e7 1.e-7
1.6453090037984453e7 1.e-7
1.8060587157756705e7 1.e-7
1.9825139698979296e7 1.e-7
2.1762092264826663e7 1.e-7
2.388828865439013e7 1.e-7
2.6222218336873315e7 1.e-7
2.8784177236584455e7 1.e-7
3.1596444226918858e7 1.e-7
3.468347486812713e7 1.e-7
3.807211407361935e7 1.e-7
4.179182955415763e7 1.e-7
4.587496806997596e7 1.e-7
5.035703671920121e7 1.e-7
5.52770117086712e7 1.e-7
6.067767729222812e7 1.e-7
6.660599782390593e7 1.e-7
7.31135261613973e7 1.e-7
8.025685197129099e7 1.e-7
8.80980938345515e7 1.e-7
9.670543943161088e7 1.e-7
1.0615373850453492e8 1.e-7
1.1652515375268248e8 1.e-7
1.2790987532206577e8 1.e-7
1.4040690510163638e8 1.e-7
1.5412491764675376e8 1.e-7
1.6918320521646324e8 1.e-7
1.857127151426496e8 1.e-7
2.0385718855206302e8 1.e-7
2.2377441034357756e8 1.e-7
2.456375812905288e8 1.e-7
2.6963682419996095e8 1.e-7
2.9598083722640836e8 1.e-7
3.248987087174657e8 1.e-7
3.566419093731056e8 1.e-7
3.914864790426184e8 1.e-7
4.297354271756392e8 1.e-7
4.717213678016325e8 1.e-7
5.178094119517297e8 1.e-7
5.684003426754843e8 1.e-7
6.23934100262599e8 1.e-7
6.848936079772143e8 1.e-7
7.518089715734782e8 1.e-7
8.252620891114743e8 1.e-7
9.05891711160661e8 1.e-7
9.943989953944685e8 1.e-7
1.091553603878994e9 1.e-7
1.1982003960779977e9 1.e-7
1.315266775776805e9 1.e-7
1.4437707558141227e9 1.e-7
1.584829810753016e9 1.e-7
1.739670594474076e9 1.e-7
1.9096396071952958e9 1.e-7
2.0962149046793847e9 1.e-7
2.3010189514521337e9 1.e-7
2.5258327298038745e9 1.e-7
2.772611227266203e9 1.e-7
3.043500437243724e9 1.e-7
3.340856020638696e9 1.e-7
3.667263790750697e9 1.e-7
4.025562199588598e9 1.e-7
4.418867021136601e9 1.e-7
4.850598446220558e9 1.e-7
5.324510824592645e9 1.e-7
5.84472531287228e9 1.e-7
6.415765712250847e9 1.e-7
7.042597807605971e9 1.e-7
7.730672550119678e9 1.e-7
8.485973458917361e9 1.e-7
9.315068653934267e9 1.e-7
1.022516797248844e10 1.e-7
1.1224185666247818e10 1.e-7
1.2320809223806118e10 1.e-7
1.3524574917351059e10 1.e-7
1.484595073038035e10 1.e-7
1.629642738760836e10 1.e-7
1.7888618278661625e10 1.e-7
1.963636914450302e10 1.e-7
2.1554878480420975e10 1.e-7
2.366082970261232e10 1.e-7
2.5972536227682205e10 1.e-7
2.851010072667854e10 1.e-7
3.1295589938537663e10 1.e-7
3.4353226563124905e10 1.e-7
3.7709599902577515e10 1.e-7
4.139389708269452e10 1.e-7
4.543815686507955e10 1.e-7
4.987754825719782e10 1.e-7
5.475067634314665e10 1.e-7
6.0099917994654236e10 1.e-7
6.597179038165941e10 1.e-7
7.241735548705357e10 1.e-7
7.949266414325157e10 1.e-7
8.725924345195836e10 1.e-7