#Columns: M_EDO [M_sun], f_EDO
2.7051931997217868e7 1.
2.967981188003979e7 0.802347289550561
3.2562969377756223e7 0.643761173049135
3.572620267885843e7 0.5165200323138631
3.919671891847658e7 0.41442844792559624
4.300436818837285e7 0.33251554190574806
4.718190027914225e7 0.2667929437815142
5.176524636287554e7 0.21406059531431315
5.679382803904978e7 0.17175093845001868
6.231089640176841e7 0.13780389994313771
6.836390404468442e7 0.11056658560887381
7.500491320324177e7 0.08890225242889328
8.229104354468557e7 0.0716108231557911
9.028496345730926e7 0.05768256543501646
9.905542906454094e7 0.04646334462496535
1.0867787559995925e8 0.037426254839001166
1.192350662296829e8 0.030146873036798937
1.3081780390269475e8 0.024283326178546404
1.435257123517542e8 0.01956023530446714
1.57468092962339e8 0.015755782480249225
1.727648648795762e8 0.01269129321303395
1.8954759643908802e8 0.010222845080598864
2.0796063679312876e8 0.008209825487985439
2.281623574651935e8 0.006590951976980542
2.5032651451178285e8 0.00529129980003063
2.7464374300733405e8 0.004247922556800409
3.013231967064671e8 0.003410286079134932
3.305943469863795e8 0.0027378208962221045
3.627089565421585e8 0.002197957322598539
3.9794324481090295e8 0.0017645480018911432
4.366002637495512e8 0.001416601504935913
4.7901250440061295e8 0.0011372656462935425
5.255447566650334e8 0.0009150937438317813
5.765972468792129e8 0.0007386993293985376
6.3260908018266e8 0.0005963068843296171
6.940620172842845e8 0.00048136215392048155
7.614846181114562e8 0.0003885742883674013
8.354567879815853e8 0.00031367230753495516
9.166147653981212e8 0.0002532085098262432
1.0056565943711842e9 0.0002043997761622054
1.103348128330643e9 0.0001649994643696195
1.210529617271528e9 0.0001331939973390984
1.3281229347881866e9 0.00010751938495646658
1.4571395071573358e9 0.00008707128423544487
1.598689012668348e9 0.00007062730512742142
1.7539889260243168e9 0.000057288878570729654
1.9243749899056644e9 0.00004646950074012552
2.1113127037628005e9 0.00003769343287756105
2.316409928653618e9 0.00003057478258784845
2.54143071654056e9 0.000024800535767881493
2.788310482993815e9 0.000020116793066532694
3.05917265380196e9 0.00001631760567873679
3.356346928668246e9 0.000013235919572573996
3.6823893190795965e9 0.00001073622995804682
4.040104132695222e9 8.738190840428672e-6
4.43256809334349e9 7.124387362912725e-6
4.863156804084495e9 5.808627463478567e-6
5.335573780948729e9 4.7358672810405645e-6
5.853882307072072e9 3.8612286714285494e-6
6.422540381206826e9 3.1481217627758148e-6
7.046439061202038e9 2.566714244768137e-6
7.730944532248149e9 2.0926833555785864e-6
8.481944261716524e9 1.7061983567676897e-6
9.305897637574245e9 1.3910909287238615e-6
1.0209891525918184e10 1.1341787807390913e-6
1.1201701225481024e10 9.242111632583829e-7
1.2289857343382324e10 7.524554114662563e-7
1.3483719167326965e10 6.126188134849037e-7
1.4793555165328283e10 4.987695017095089e-7
1.6230631305338533e10 4.060779890522969e-7
1.7807307954429043e10 3.3061230213068967e-7
1.9537146190953983e10 2.6917118698121925e-7
2.1435024444094566e10 2.1914831188658752e-7
2.3517266464007378e10 1.7842170680063142e-7
2.5801781723253365e10 1.4526374939235192e-7
2.8308219457108067e10 1.1826787931752661e-7
3.1058137667663036e10 1.e-7
3.4075188545328903e10 1.e-7
3.7385321902563614e10 1.e-7
4.101700836956605e10 1.e-7
4.500148427165703e10 1.e-7
4.937302029454735e10 1.e-7
5.416921624829809e10 1.e-7
5.943132446525536e10 1.e-7
6.52046046135188e10 1.e-7
7.153871297771407e10 1.e-7
7.848812955529663e10 1.e-7
8.611262664185968e10 1.e-7
9.447778293577487e10 1.e-7
1.0365554758401024e11 1.e-7
1.1372485902050694e11 1.e-7
1.2477232391977838e11 1.e-7
1.3689296210545232e11 1.e-7
1.5019102382074164e11 1.e-7
1.6478088639024518e11 1.e-7
1.8078803798529626e11 1.e-7
1.9835015695429465e11 1.e-7
2.1761829600138303e11 1.e-7
2.38758181398656e11 1.e-7
2.6195163840650253e11 1.e-7
2.87398155162182e11 1.e-7
3.1531659848772656e11 1.e-7
3.45947096374936e11 1.e-7
3.79553103338796e11 1.e-7
4.164236664035415e11 1.e-7
4.568759112112444e11 1.e-7
5.012577696360499e11 1.e-7
5.499509723644244e11 1.e-7
6.03374332180774e11 1.e-7
6.619873461981119e11 1.e-7
7.262941480167635e11 1.e-7
7.968478438038407e11 1.e-7
8.742552695883481e11 1.e-7
9.591822106895828e11 1.e-7
1.0523591281715203e12 1.e-7
1.1545874415766516e12 1.e-7
1.2667464219773943e12 1.e-7
1.3898007546325747e12 1.e-7
1.5248088362958433e12 1.e-7
1.6729318785415188e12 1.e-7
1.8354438954060728e12 1.e-7
2.0137426612495571e12 1.e-7
2.2093617330859917e12 1.e-7
2.4239836407874536e12 1.e-7
2.6594543586115913e12 1.e-7
2.9177991825227773e12 1.e-7
3.2012401498686436e12 1.e-7
3.512215151239571e12 1.e-7
3.853398898893315e12 1.e-7
4.2277259320949194e12 1.e-7
4.638415857242543e12 1.e-7
5.089001039870673e12 1.e-7
5.583356986710686e12 1.e-7
6.125735679127141e12 1.e-7
6.720802144632003e12 1.e-7
7.373674581030321e12 1.e-7
8.089968378307252e12 1.e-7
8.875844416891299e12 1.e-7
9.738062057709162e12 1.e-7
1.06840372798026e13 1.e-7
1.1721906465552422e13 1.e-7
1.2860596382128957e13 1.e-7
1.410990096108339e13 1.e-7
1.548056553646578e13 1.e-7
1.6984379266005299e13 1.e-7
1.8634276530272574e13 1.e-7
2.0444448181963723e13 1.e-7
2.243046360216751e13 1.e-7
2.460940461342574e13 1.e-7
2.7000012401383207e13 1.e-7
2.9622848708706203e13 1.e-7
3.2500472687706816e13 1.e-7
3.565763493279192e13 1.e-7
3.912149036162144e13 1.e-7
4.292183177597558e13 1.e-7
4.7091346111201266e13 1.e-7
5.166589557825427e13 1.e-7
5.668482611645165e13 1.e-7
6.2191305809953695e13 1.e-7
6.8232696178715805e13 1.e-7
7.486095953739911e13 1.e-7
8.213310592595666e13 1.e-7
9.011168345597173e13 1.e-7
9.886531629023747e13 1.e-7
1.0846929488277078e14 1.e-7
1.1900622355594678e14 1.e-7
1.3056673098460108e14 1.e-7
1.4325024969799834e14 1.e-7
1.5716587130422197e14 1.e-7
1.7243328479280425e14 1.e-7
1.8918380598598653e14 1.e-7
2.0756150699297475e14 1.e-7
2.2772445538169328e14 1.e-7
2.498460737262052e14 1.e-7
2.7411663122334238e14 1.e-7
3.007448802080287e14 1.e-7
3.299598516430325e14 1.e-7
3.620128250262565e14 1.e-7
3.9717948965885456e14 1.e-7
4.3576231586333225e14 1.e-7
4.7809315654661275e14 1.e-7
5.245361014842534e14 1.e-7
5.7549060887567e14 1.e-7
6.313949411049865e14 1.e-7
6.927299342587446e14 1.e-7
7.600231338222465e14 1.e-7
8.338533321258725e14 1.e-7
9.148555465681871e14 1.e-7
1.0037264814338295e15 1.e-7
1.1012305202835102e15 1.e-7
1.2082063004569968e15 1.e-7
1.3255739262367785e15 1.e-7
1.4543428827131302e15 1.e-7
1.595620718418175e15 1.e-7
1.7506225714087902e15 1.e-7
1.920681620732601e15 1.e-7
2.107260553170697e15 1.e-7
2.3119641438832145e15 1.e-7
2.536553059164433e15 1.e-7
2.7829590000256735e15 1.e-7
3.0533013168567705e15 1.e-7