#Columns: M_EDO [M_sun], f_EDO
1.1963859679662948e7 1.
1.2999292352360824e7 0.832715706937451
1.4124338314448336e7 0.6934154485803355
1.5346753301133493e7 0.5774179354659238
1.6674964280976353e7 0.48082498432987003
1.8118127548926003e7 0.40039051673943465
1.968619184711861e7 0.33341147219772954
2.1389966948573112e7 0.2776369697721886
2.3241198176579647e7 0.23119266555581974
2.525264737349596e7 0.19251776393706718
2.7438180877126336e7 0.1603125658948722
2.9812865111167025e7 0.13349479164010516
3.2393070448689625e7 0.11116320979305737
3.519658406466696e7 0.09243442080637802
3.824273255551422e7 0.07670985891381975
4.155251517094713e7 0.06366029454443317
4.514874857661885e7 0.052830668167920425
4.9056224145487264e7 0.04384333310177857
5.330187886223168e7 0.03638488635736615
5.791498101888401e7 0.030195239768044675
6.292733198180665e7 0.025058550291860996
6.837348542093694e7 0.02079569321367868
7.429098551260188e7 0.017258015775074683
8.072062575800133e7 0.014322153410919707
8.77067302015808e7 0.011885727826380463
9.529745898792617e7 0.009829585119195532
1.0354514036360449e8 0.0077812714654231264
1.1250663141266903e8 0.006159790559254407
1.2224371001263608e8 0.004876197919900802
1.3282350071296136e8 0.0038600835410421276
1.4431893747189403e8 0.003055709630450692
1.5680926644168773e8 0.002418953177139852
1.70380592268211e8 0.0019148856340554716
1.8512647167099345e8 0.0015158569525713585
2.011485583956703e8 0.0011999788706923704
2.1855730398493832e8 0.0009208047360866916
2.3747271919893172e8 0.0006326724189755754
2.5802520133402056e8 0.0004347006200614594
2.803564331433374e8 0.00029867688777675727
3.0462035955590695e8 0.00020521683010113294
3.309842489276057e8 0.00014100169474189387
3.5962984613989806e8 0.00009680096540741186
3.907546254954739e8 0.00006586815363015882
4.2457315204787123e8 0.00004481994207791325
4.6131856074971205e8 0.000030497700286952087
5.0124416361633384e8 0.00002075214022311521
5.446251959841503e8 0.000014120780248603954
5.917607139019232e8 9.66631256380961e-6
6.429756557350035e8 6.969165320706738e-6
6.986230821946353e8 5.0245908092381214e-6
7.590866102344091e8 3.622602081954964e-6
8.247830575924685e8 2.611803894569147e-6
8.961653162101119e8 1.8830441294300989e-6
9.737254743353295e8 1.3576268879735722e-6
1.0579982088341259e9 9.797393218865523e-7
1.1495644710951982e9 7.166335582963236e-7
1.2490554919375753e9 5.241839797626473e-7
1.3571571331297863e9 3.8341610082149227e-7
1.47461461551871e9 2.804509714999726e-7
1.6022376563624074e9 2.051367880659163e-7
1.740906051282202e9 1.500479801975115e-7
1.8915757393143356e9 1.0975308999241147e-7
2.055285392871889e9 1.e-7
2.233163578046174e9 1.e-7
2.426436534608721e9 1.e-7
2.6364366293467484e9 1.e-7
2.8646115410070286e9 1.e-7
3.1125342401664195e9 1.e-7
3.3819138328272696e9 1.e-7
3.6746073424904413e9 1.e-7
3.9926325119278445e9 1.e-7
4.3381817129063e9 1.e-7
4.713637059752207e9 1.e-7
5.121586830945485e9 1.e-7
5.564843311948406e9 1.e-7
6.046462182272558e9 1.e-7
6.569763580432512e9 1.e-7
7.138354992002131e9 1.e-7
7.75615611855657e9 1.e-7
8.427425898939457e9 1.e-7
9.156791869131819e9 1.e-7
9.949282063120825e9 1.e-7
1.0810359674684092e10 1.e-7
1.1745960719036934e10 1.e-7
1.2762534953971401e10 1.e-7
1.3867090342585167e10 1.e-7
1.506724136411323e10 1.e-7
1.6371261505903065e10 1.e-7
1.7788140298397522e10 1.e-7
1.932764528630736e10 1.e-7
2.100038936318553e10 1.e-7
2.2817903933586433e10 1.e-7
2.479271840716973e10 1.e-7
2.6938446572756577e10 1.e-7
2.9269880447777092e10 1.e-7
3.1803092250077583e10 1.e-7
3.4555545195052505e10 1.e-7
3.754621388190336e10 1.e-7
4.079571509893206e10 1.e-7
4.432644994960179e10 1.e-7
4.8162758279140625e10 1.e-7
5.2331086466259575e10 1.e-7
5.686016973669036e10 1.e-7
6.1781230255361946e10 1.e-7
6.712819236280072e10 1.e-7
7.293791643953394e10 1.e-7
7.925045301068575e10 1.e-7
8.61093188424926e10 1.e-7
9.356179693406009e10 1.e-7
1.0165926247242046e11 1.e-7
1.10457536997927e11 1.e-7
1.2001727322149748e11 1.e-7
1.304043731465233e11 1.e-7
1.416904423778535e11 1.e-7
1.5395328374972638e11 1.e-7
1.672774336755708e11 1.e-7
1.8175474491712305e11 1.e-7
1.9748501979028748e11 1.e-7
2.1457669817287875e11 1.e-7
2.3314760505717688e11 1.e-7
2.533257628006872e11 1.e-7
2.752502736745337e11 1.e-7
2.9907227879350995e11 1.e-7
3.249560000383693e11 1.e-7
3.5307987215305963e11 1.e-7
3.836377728212466e11 1.e-7
4.1684035920191156e11 1.e-7
4.529165201377075e11 1.e-7
4.921149540471581e11 1.e-7
5.347058833782514e11 1.e-7
5.809829174423326e11 1.e-7
6.31265076470135e11 1.e-7
6.858989908432194e11 1.e-7
7.452612906616321e11 1.e-7
8.097612021207894e11 1.e-7
8.79843368596232e11 1.e-7
9.559909158839788e11 1.e-7
1.0387287827273423e12 1.e-7
1.1286273395898787e12 1.e-7
1.2263063206212212e12 1.e-7
1.3324390959216223e12 1.e-7
1.4477573135568977e12 1.e-7
1.5730559433245405e12 1.e-7
1.7091987570411401e12 1.e-7
1.8571242831306318e12 1.e-7
2.0178522765626187e12 1.e-7
2.1924907487424922e12 1.e-7
2.382243605815433e12 1.e-7
2.5884189480404766e12 1.e-7
2.812438087448076e12 1.e-7
3.055845345946256e12 1.e-7
3.3203187014205854e12 1.e-7
3.6076813552190874e12 1.e-7
3.919914300764804e12 1.e-7
4.259169979940563e12 1.e-7
4.627787121388736e12 1.e-7
5.028306863017101e12 1.e-7
5.463490269854379e12 1.e-7
5.936337368018734e12 1.e-7
6.450107826013364e12 1.e-7
7.008343425920256e12 1.e-7
7.61489247940177e12 1.e-7
8.27393635682679e12 1.e-7
8.990018312405414e12 1.e-7
9.76807480404416e12 1.e-7
1.0613469523831586e13 1.e-7
1.1532030373750215e13 1.e-7
1.253008964151502e13 1.e-7
1.3614527653498072e13 1.e-7
1.4792820205670377e13 1.e-7
1.607309009953526e13 1.e-7
1.746416313832774e13 1.e-7
1.8975628969500035e13 1.e-7
2.0617907192924184e13 1.e-7
2.240231919054197e13 1.e-7
2.4341166172634566e13 1.e-7
2.6447813978739914e13 1.e-7
2.873678521781035e13 1.e-7
3.1223859382797715e13 1.e-7
3.3926181629825586e13 1.e-7
3.686238097184207e13 1.e-7
4.0052698701543086e13 1.e-7
4.351912792887668e13 1.e-7
4.7285565195060586e13 1.e-7
5.137797520829226e13 1.e-7
5.582456983679312e13 1.e-7
6.065600259311147e13 1.e-7
6.5905579950401586e13 1.e-7
7.160949094743114e13 1.e-7
7.780705666514623e13 1.e-7
8.454100129461194e13 1.e-7
9.185774666499105e13 1.e-7
9.980773226194814e13 1.e-7
1.0844576294259672e14 1.e-7
1.178313867440272e14 1.e-7
1.280293053899188e14 1.e-7
1.3910982032515172e14 1.e-7
1.511493173532422e14 1.e-7
1.6423079321755425e14 1.e-7
1.7844442775638188e14 1.e-7
1.9388820557616978e14 1.e-7