#Columns: M [M_sun], f_PBH
0.0031622776601683794 1.1719858620185248
0.003981071705534973 1.1223018836222367
0.005011872336272725 0.6619333837086933
0.00630957344480193 0.3187410053310157
0.007943282347242814 0.16906189793895085
0.01 0.10327748851454864
0.012589254117941675 0.06711140182146995
0.01584893192461114 0.049851708642781725
0.0199526231496888 0.041592179905008395
0.025118864315095794 0.037718837599665656
0.03162277660168379 0.03636184874907986
0.039810717055349734 0.03661053296754862
0.05011872336272725 0.038438579302007725
0.06309573444801933 0.041450786694150976
0.07943282347242818 0.04618005826697584
0.1 0.05312757848918418
0.12589254117941676 0.06381658854371938
0.15848931924611143 0.07697538357609747
0.19952623149688797 0.09071878749690705
0.25118864315095807 0.10508492328129485
0.31622776601683794 0.11309600978241689
0.3981071705534973 0.11650581619965479
0.5011872336272725 0.1190696530505014
0.6309573444801936 0.12592805274932814
0.7943282347242822 0.1387616132861958
1. 0.15929771884427482
1.2589254117941675 0.1833533034419645
1.584893192461114 0.21184423252446516
1.9952623149688808 0.24597262107879622
2.5118864315095824 0.28710406633095104
3.1622776601683795 0.337049077645633
3.981071705534973 0.3983553655095311
5.011872336272725 0.474583300908003
6.309573444801936 0.5701023424488365
7.943282347242821 0.6918288571736884
10. 0.848540072705915
12.589254117941675 1.054089104744792
15.848931924611142 1.3277201357864663
19.952623149688808 1.6989091877411298
25.11886431509582 2.212616149130487
31.622776601683793 2.939221081850089
39.81071705534978 3.991910663169066
50.11872336272725 5.55131469307691
63.0957344480193 7.917259377571761
79.43282347242821 11.583485296043772
100. 17.36741873620902