#Columns: M [M_sun], f_PBH
0.3981071705534972 1.037993437352664
0.5011872336272722 0.8875910886414567
0.6309573444801932 0.692433739649354
0.7943282347242815 0.5378964106241934
1. 0.43810178466010685
1.258925411794167 0.3711231060984
1.5848931924611138 0.34033355936120596
1.9952623149688797 0.3362233077177768
2.51188643150958 0.35127328716510153
3.1622776601683795 0.3832137262417715
3.9810717055349722 0.43219002738378864
6.309573444801935 0.5922986531196308
7.943282347242816 0.7114696402756006
10. 0.8645924594334518
12.589254117941675 1.0586391775166362
15.848931924611142 1.3050112809800345
19.952623149688808 1.6200219005821022
25.118864315095795 2.0322681155229536
31.622776601683793 2.6619424017614532
39.810717055349734 3.7057920730168
50.11872336272725 5.456389144157383
63.095734448019364 8.201055187511216
79.43282347242821 12.40822477585676
100.0000000000001 18.6385836002814