#Columns: M_EDO [M_sun], f_EDO
1. 2.733175387283245e6
1.26 2.1648561686694217e6
1.59 1.7214629380450663e6
2. 1.3689228230826869e6
2.52 1.0848357388866057e6
3.17 861033.9886020769
4. 682862.1218868362
5.04 542029.5782340312
6.35 430576.73295650206
8. 341431.0609434181
10.1 271317.5387283245
12.7 215091.11608955992
16. 170751.79302712437
20.2 135952.02096373233
25.4 107461.8163554114
32. 85414.06794576372
40.3 67798.15991977636
50.8 53801.67917786643
64. 42710.97070682892
80.6 33896.403505520524
102. 26937.727738378813
128. 21354.53555224058
161. 16981.153168258803
203. 13442.525642005581
256. 10704.555804477995
322. 8477.803444249847
406. 6724.420481987201
512. 5335.4976589045145
645. 4241.694457237529
812. 3364.1827448805116
1020. 2673.0475227295756
1290. 2120.185909787293
1620. 1682.847671389115
2050. 1334.252564200558
2580. 1059.5599807818594
3250. 841.4925345031628
4090. 667.4292617433531
5160. 530.1424786577022
6500. 420.62989472470935
8190. 334.0835123661326
10300. 265.36449092842116
13000. 210.0185909787293
16400. 166.73900657175741
20600. 132.4252564200558
26000. 105.11589031172207
32700. 83.45348129158737
41200. 66.25677350777579
52000. 52.62022173131659
65500. 41.7689633380173
82500. 33.10109872553019