#Columns: M_EDO [M_sun], f_EDO
1. 6.427709288405538
1.26 5.098200722769546
1.59 4.048525696907974
2. 3.2089936155450935
2.52 2.5489613900424484
3.17 2.0292628484539867
4. 1.6092863641808766
5.04 1.2795085656359915
6.35 1.009652882062363
8. 0.8036995652586415
10.1 0.6377709288405538
12.7 0.5058200722769547
16. 0.40185256969079747
20.2 0.31887156728604443
25.4 0.2529239332727098
32. 0.20092628484539873
40.3 0.15992863641808763
50.8 0.12695085656359914
64. 0.09996973223533859
80.6 0.07976995652586413
102. 0.06327709288405538
128. 0.050280577782708544
161. 0.03988525696907974
203. 0.03168794929816868
256. 0.02509239332727098
322. 0.019894850499091024
406. 0.01579429308679568
512. 0.012595085656359915
645. 0.009966639216408363
812. 0.007917074909542838
1020. 0.0062777092884055375
1290. 0.004988057778270855
1620. 0.003958525696907974
2050. 0.0031389936155450937
2580. 0.002489239332727098
3250. 0.001979262848453987
4090. 0.0015695085656359914
5160. 0.0012495085656359915
6500. 0.000989665478582252
8190. 0.0007847217854041529
10300. 0.0006227653547176003
13000. 0.000494827997972597
16400. 0.0003928525696907974
20600. 0.00031187949298168676
26000. 0.0002469239332727098
32700. 0.00019594850499091021
41200. 0.0001559564306865526
52000. 0.00012395085656359916
65500. 0.00009816480702495517
82500. 0.00007787217854041528