#Columns: M_EDO [M_sun], f_EDO
1. 14.892900801239158
1.26 11.864644232218158
1.59 9.408081802245686
2. 7.463873380840185
2.52 5.923966890700382
3.17 4.704925447699172
4. 3.7353399755224515
5.04 2.9660031404684366
6.35 2.348751233739283
8. 1.862115737026016
10.1 1.479290080123916
12.7 1.1764644232218158
16. 0.9332920006632272
20.2 0.7410679951044903
25.4 0.5881389870920987
32. 0.46679945589331
40.3 0.37053399755224514
50.8 0.2938580160247832
64. 0.23361742139598882
80.6 0.1852732147041902
102. 0.1469290080123916
128. 0.11664644232218158
161. 0.09263412098086805
203. 0.07350679951044903
256. 0.05834458982154916
322. 0.04635417539153705
406. 0.036753399755224514
512. 0.029153867304525505
645. 0.02319243325193817
812. 0.018432242384964357
1020. 0.014592900801239159
1290. 0.011559723317672823
1620. 0.009193287779525453
2050. 0.007297486521249622
2580. 0.005790773460905101
3250. 0.004594801129137818
4090. 0.0036447235655065655
5160. 0.0028953867304525507
6500. 0.0022992433251938166
8190. 0.001822115737026016
10300. 0.0014460966503286347
13000. 0.0011533953119878871
16400. 0.0009123287779525453
20600. 0.0007240555632483551
26000. 0.0005748196441125706
32700. 0.00045652932205923524
41200. 0.000362214654572717
52000. 0.00028758788219070846
65500. 0.00022792433251938167
82500. 0.00018132242384964354