#Columns: M_EDO [M_sun], f_EDO
1. 295.3149032546018
1.26 234.16111158466742
1.59 186.54679062217244
2. 147.51009661812526
2.52 117.60627255511505
3.17 93.03074889094866
4. 73.82253187396981
5.04 58.67577764626398
6.35 46.5407638781704
8. 36.92600143790247
10.1 29.335745759566876
12.7 23.295181717868534
16. 18.44613750098032
20.2 14.651009661812525
25.4 11.659770030085461
32. 9.236870006797366
40.3 7.33267873080765
50.8 5.819667639383867
64. 4.613219162390996
80.6 3.6621715310772247
102. 2.9060930634271784
128. 2.312036659257344
161. 1.8350392935087017
203. 1.455526509591922
256. 1.1558484191946392
322. 0.9159810968376173
406. 0.7275194148975789
512. 0.5769239026670844
645. 0.4583644705801665
812. 0.3635118631260738
1020. 0.28860930634271786
1290. 0.22920366592573438
1620. 0.18175577809791924
2050. 0.1445526509591922
2580. 0.11457198353807325
3250. 0.0909317747336565
4090. 0.07217712636446279
5160. 0.05729664570081513
6500. 0.045461631932721555
8190. 0.03613022617898563
10300. 0.02866518606837848
13000. 0.022745551467278344
16400. 0.01804610680795679
20600. 0.01427619453651743
26000. 0.011360167949774954
32700. 0.00902697259106815
41200. 0.0071602280546144165
52000. 0.005681754444838981
65500. 0.004516588736682825
82500. 0.0035825940051855414