#Columns: M_EDO [M_sun], f_EDO
1. 27695.36859057962
1.26 21925.947868427145
1.59 17447.751962366085
2. 13800.372127959368
2.52 10957.178310488142
3.17 8716.967734313903
4. 6920.308109228812
5.04 5489.781260578309
6.35 4363.305144836946
8. 3460.5877408271217
10.1 2749.7068349864353
12.7 2181.567584454236
16. 1734.9451721650819
20.2 1370.0372127959367
25.4 1085.6188892813582
32. 865.5253281393894
40.3 686.9450882768807
50.8 544.875405818983
64. 432.2975338945426
80.6 343.0587740827122
102. 272.9547005023389
128. 216.12377785627166
161. 171.4615366273562
203. 136.0037212795937
256. 108.60197293338955
322. 85.85433403287794
406. 68.1809387448881
512. 54.08924034118304
645. 42.919481365569474
812. 34.09730514367117
1020. 27.08349826706437
1290. 21.507103579942314
1620. 17.04945172165082
2050. 13.502071887244103
2580. 10.759537681555916
3250. 8.523718950367785
4090. 6.759131222842715
5160. 5.36773700176678
6500. 4.262118112485421
8190. 3.3794007084755973
10300. 2.679217199131869
13000. 2.1303805521027117
16400. 1.6939179697766036
20600. 1.3402071887244102
26000. 1.0658548263881356
32700. 0.8451869507085431
41200. 0.6707774214562716
52000. 0.5326709799378302
65500. 0.4231090910096943
82500. 0.3358703311978639