#Columns: M_EDO [M_sun], f_EDO
1. 2.4487664735881594
1.26 1.949178562175622
1.59 1.5399603939789532
2. 1.229218168196669
2.52 0.9724961604462069
3.17 0.7715743436265401
4. 0.612716320396045
5.04 0.4867202809981497
6.35 0.3857984641784828
8. 0.30682104890890827
10.1 0.2428766473588159
12.7 0.1928992320892414
16. 0.1528806079609206
20.2 0.12192181681966689
25.4 0.0965399353137553
32. 0.07655743436265401
40.3 0.060767511153729865
50.8 0.04827016568698289
64. 0.038279846417848276
80.6 0.03038952714871367
102. 0.02408766473588159
128. 0.019189923208924136
161. 0.01518992320892414
203. 0.012092181681966688
256. 0.009574961604462069
322. 0.007605001210483116
406. 0.006036008889590703
512. 0.004787945035763781
645. 0.003797984641784828
812. 0.00301779840050162
1020. 0.0023980242478058747
1290. 0.001898992320892414
1620. 0.001508992320892414
2050. 0.0011992181681966688
2580. 0.000950496160446207
3250. 0.0007545969283569656
4090. 0.0005986976962677242
5160. 0.0004747945035763781
6500. 0.0003767984641784828
8190. 0.00029982104890890826
10300. 0.00023780242478058748
13000. 0.0001888992320892414
16400. 0.00014989923208924138
20600. 0.0001188806079609206
26000. 0.00009433993531375531
32700. 0.00007485969283569657
41200. 0.00005936751115372987
52000. 0.00004717016568698289
65500. 0.000037377587944805734
82500. 0.00002968952714871367