#Columns: M [M_sun], f_EDO
1.e-11 1.013309919055046
1.2932028905404119e-11 0.6094942378955984
1.6723737161020765e-11 0.38736824012644844
2.1627185237270245e-11 0.26360410129100204
2.7968338463090806e-11 0.18291314309799592
3.616873614408161e-11 0.12542909677365094
4.6773514128719814e-11 0.08608718822662265
6.048764367199325e-11 0.05864097564010611
7.822279563860014e-11 0.04004200500301215
1.0115794542598963e-10 0.02745504147122017
1.3081774742601954e-10 0.01924250814875533
1.69173889105314e-10 0.01399994233627313
2.1877616239495518e-10 0.010699279005051743
2.829219655904946e-10 0.008606857196252335
3.658755036990026e-10 0.007240784436195815
4.731512589614812e-10 0.006335883038214151
6.118805757518225e-10 0.0057732627224342655
7.912857292277884e-10 0.0054809227236747695
1.0232929922807536e-9 0.005377966769998939
1.323325455487218e-9 0.005400178132705986
1.7113283041617845e-9 0.005524028245128621
2.213094709605632e-9 0.0057488860899475875
2.8619804755017084e-9 0.00608115645491289
3.701121423589032e-9 0.00653046991934421
4.78630092322638e-9 0.007109250191716145
6.189658188912597e-9 0.007831488577507402
8.004483861358902e-9 0.008712576471711144
1.0351421666793451e-8 0.009767665395462703
1.338648842069994e-8 0.011011943660935821
1.7311445519834918e-8 0.012458030190632042
2.2387211385683378e-8 0.014117601763563569
2.8951206475104964e-8 0.016000478595284254
3.7439783898238104e-8 0.018114220185624846
4.841723675840999e-8 0.020456579992884697
6.261331052795528e-8 0.023033333543650045
8.097171416105618e-8 0.025845395349407958
1.0471285480508985e-7 0.028897344711143084
1.3541496651068094e-7 0.03221639001258594
1.7511902611404566e-7 0.03583113926698549
2.2646443075930573e-7 0.03982136896912158
2.928644564625237e-7 0.04427749345236741
3.7873316163388233e-7 0.049339501686093454
4.897788193684457e-7 0.05520377140135361
6.333833849327455e-7 0.06211721577848178
8.190932242152968e-7 0.07038438202682272
1.0592537251772875e-6 0.08042547666532335
1.3698299792149702e-6 0.09280376273602324
1.7714680886697119e-6 0.10819377151722821
2.29086765276777e-6 0.12755333378912603
2.962556670404815e-6 0.1522281603306467
3.831186849557285e-6 0.18388411142815092
4.954501908047905e-6 0.2247458737980732
6.407176188675537e-6 0.27776459611725385
8.285778767396904e-6 0.3468763674124032
0.00001071519305237607 0.4371917638084654
0.000013856918628031273 0.5542125955458806
0.00001791980722375332 0.7073393617716652
0.000023173946499684798 0.9067162495859012
0.00002996861459862124 1.1660751512264225
0.000038755499024428575 1.5053042760916873
0.00005011872336272725 1.93792141018728