#Columns: M [M_sun], f_EDO
1.e-11 93.11350823376945
1.2932028905404119e-11 21.950721952203313
1.6723737161020765e-11 12.333498110558194
2.1627185237270245e-11 7.842535023180655
2.7968338463090806e-11 5.336395648099616
3.616873614408161e-11 3.816046005503313
4.6773514128719814e-11 2.8566317094700935
6.048764367199325e-11 1.4080480226534013
7.822279563860014e-11 0.8610440116264881
1.0115794542598963e-10 0.6694179516804828
1.3081774742601954e-10 0.41071740380560734
1.69173889105314e-10 0.273100819875998
2.1877616239495518e-10 0.17667769305350442
2.829219655904946e-10 0.11237114597544237
3.658755036990026e-10 0.07051475078462789
4.731512589614812e-10 0.04480956914743062
6.118805757518225e-10 0.029584846488555753
7.912857292277884e-10 0.02092806886405079
1.0232929922807536e-9 0.015962690773220052
1.323325455487218e-9 0.012777469910945496
1.7113283041617845e-9 0.010597378546003651
2.213094709605632e-9 0.009324803752276066
2.8619804755017084e-9 0.00869166356429429
3.701121423589032e-9 0.008504939851622014
4.78630092322638e-9 0.0086578758422936
6.189658188912597e-9 0.009098305844680028
8.004483861358902e-9 0.009803879377568079
1.0351421666793451e-8 0.010753961877922203
1.338648842069994e-8 0.011907058755576865
1.7311445519834918e-8 0.013243446090187246
2.2387211385683378e-8 0.014764255741873582
2.8951206475104964e-8 0.01648444452556078
3.7439783898238104e-8 0.01841970796997903
4.841723675840999e-8 0.020582087842621725
6.261331052795528e-8 0.022983877002030063
8.097171416105618e-8 0.02563743971044281
1.0471285480508985e-7 0.028558654980922433
1.3541496651068094e-7 0.0317728106261443
1.7511902611404566e-7 0.03531731887327231
2.2646443075930573e-7 0.03925654960050449
2.928644564625237e-7 0.04369101923921923
3.7873316163388233e-7 0.048748670388016585
4.897788193684457e-7 0.05461508922044739
6.333833849327455e-7 0.061527465458535484
8.190932242152968e-7 0.06983059100706993
1.0592537251772875e-6 0.07985850516408784
1.3698299792149702e-6 0.09217753388187198
1.7714680886697119e-6 0.10759807028761079
2.29086765276777e-6 0.12688304127150254
2.962556670404815e-6 0.15149856475620585
3.831186849557285e-6 0.1829732582760393
4.954501908047905e-6 0.22355769248440818
6.407176188675537e-6 0.2760286178987305
8.285778767396904e-6 0.34477274068691977
0.00001071519305237607 0.43422118448251135
0.000013856918628031273 0.5504135220907997
0.00001791980722375332 0.7027426243657081
0.000023173946499684798 0.8991982955462527
0.00002996861459862124 1.155878726733456
0.000038755499024428575 1.490460869105718
0.00005011872336272725 1.9221130492317775