#Columns: M [M_sun], f_EDO
3.658755036990026e-10 51.82677198596828
4.731512589614812e-10 30.67448702143663
6.118805757518225e-10 20.64416041211705
7.912857292277884e-10 9.287251530452835
1.0232929922807536e-9 6.494988982560267
1.323325455487218e-9 3.5010897849447282
1.7113283041617845e-9 1.990482250973518
2.213094709605632e-9 1.1233139597599366
2.8619804755017084e-9 0.5865849518574272
3.701121423589032e-9 0.3115233107496977
4.78630092322638e-9 0.16825807921742894
6.189658188912597e-9 0.09932908405328607
8.004483861358902e-9 0.06600165210854542
1.0351421666793451e-8 0.04761628293316192
1.338648842069994e-8 0.03517579284715589
1.7311445519834918e-8 0.02939857315163163
2.2387211385683378e-8 0.028125902382079765
2.8951206475104964e-8 0.029110486816198294
3.7439783898238104e-8 0.031186458938933875
4.841723675840999e-8 0.03382625240766364
6.261331052795528e-8 0.03681994750148782
8.097171416105618e-8 0.04004362690908871
1.0471285480508985e-7 0.043428657037642995
1.3541496651068094e-7 0.04691260873672899
1.7511902611404566e-7 0.05054162347623628
2.2646443075930573e-7 0.05441063992823379
2.928644564625237e-7 0.058622563519060304
3.7873316163388233e-7 0.06336809342352942
4.897788193684457e-7 0.06889798780937466
6.333833849327455e-7 0.07550265236745596
8.190932242152968e-7 0.08353201858401751
1.0592537251772875e-6 0.09347557033300533
1.3698299792149702e-6 0.10589706273647084
1.7714680886697119e-6 0.12159830124440693
2.29086765276777e-6 0.14165254600279353
2.962556670404815e-6 0.16727606902005965
3.831186849557285e-6 0.2004471890214318
4.954501908047905e-6 0.24343465586188498
6.407176188675537e-6 0.2989770708714552
8.285778767396904e-6 0.37228119010935457
0.00001071519305237607 0.46783295068821634
0.000013856918628031273 0.5922274126223821
0.00001791980722375332 0.753379093886425
0.000023173946499684798 0.963683596770216
0.00002996861459862124 1.2362032484857262
0.000038755499024428575 1.5895811564094071
0.00005011872336272725 2.044713144875557