#Columns: M [M_sun], f_EDO
1.e-8 156633.0313213641
1.1525682893914141e-8 5373.615147382553
1.3284136617106503e-8 2108.5734863097487
1.5310874616820288e-8 1202.5174948957153
1.7646828566195015e-8 584.8043407975495
2.033917501372293e-8 317.1121209995502
2.3442288153199228e-8 157.8689540902282
2.7018837956153442e-8 94.28706909300608
3.1141055844467584e-8 55.32309965931977
3.58921934645005e-8 32.10066443488397
4.1368204023885114e-8 18.619540242565947
4.7679680147004273e-8 10.800102300838272
5.495408738576248e-8 6.3014493257215145
6.333833849327455e-8 3.7684648638983074
7.30017604500878e-8 2.349491076731999
8.413951416451947e-8 1.5408180425378681
9.697653591082487e-8 1.0676206080461423
1.1177208010584467e-7 0.7678416731994715
1.2882495516931348e-7 0.5604745355379744
1.4847955821042125e-7 0.4183065508535748
1.711328304161781e-7 0.33182952529631343
1.9724227361148534e-7 0.282428573034488
2.273351898920629e-7 0.25297007011185213
2.620193309323672e-7 0.23623661851034727
3.019951720402019e-7 0.22623276491221223
3.480700588428413e-7 0.2199227702665956
4.011745123088624e-7 0.2156951899801394
4.6238102139926035e-7 0.2130642343153913
5.329257028812003e-7 0.21175921995352753
6.142332657425019e-7 0.21169536357439037
7.079457843841374e-7 0.21286645554338693
8.159558616894897e-7 0.21527407638228815
9.404448517263523e-7 0.21873734473711942
1.083926914021204e-6 0.22355480191304647
1.2492997891187333e-6 0.22963958062206533
1.4399033208816327e-6 0.23711192502633407
1.659586907437563e-6 0.24611567081735022
1.912787243001695e-6 0.2566226136250145
2.204617920636187e-6 0.2690498335382156
2.5409727055493067e-6 0.2832979659237108
2.9286445646252375e-6 0.2999714783989926
3.3754628560855724e-6 0.319178296953949
3.890451449942805e-6 0.3414193176872562
4.484010972620934e-6 0.3671219718581706
5.16812885632603e-6 0.39673463006989207
5.956621435290109e-6 0.43150123774795746
6.865412978224551e-6 0.4715249149232368
7.912857292277884e-6 0.5181314969348643
9.120108393559096e-6 0.5723385516141366
0.000010511547730228686 0.6354203163647847
0.000012115276586285901 0.7090055453999977
0.000013963683610559363 0.794819106500043
0.000016094098932625362 0.8944647013564075
0.000018549548076072196 1.0112203565895266
0.000021379620895022323 1.146618798386302
0.000024641473082812813 1.3061539249657108
0.000028400980479142137 1.4895619137504623
0.00003273406948788386 1.7040520335773137
0.0000377282504744699 1.9539444296148478
0.000043484385111090674 2.243833345122158
0.00005011872336272725 2.5759268089646605