#Columns: M [M_sun], f_PBH
5.011872336272725e-8 22.51586601024349
6.30957344480193e-8 6.7759843974857645
7.943282347242822e-8 1.5778799785040076
1.e-7 0.7061443417240204
1.2589254117941688e-7 0.3553222895671294
1.584893192461114e-7 0.22804196402501284
1.995262314968883e-7 0.15879069504932192
2.5118864315095823e-7 0.12486413053125471
3.162277660168379e-7 0.10560701034233848
3.981071705534977e-7 0.09809274035167213
5.011872336272725e-7 0.09755480748876465
6.309573444801942e-7 0.11643243617149723
7.943282347242822e-7 0.148431769767685
1.e-6 0.17106878248105792
1.2589254117941687e-6 0.1640959078752721
1.584893192461114e-6 0.12766052746997233
1.995262314968883e-6 0.06105935984673012
2.5118864315095823e-6 0.028993054188057546
3.162277660168379e-6 0.016898795673496857
3.981071705534978e-6 0.013081182182909797
5.011872336272725e-6 0.013472982752920392
6.309573444801943e-6 0.014688007951840394
7.943282347242822e-6 0.014609425947473397
0.00001 0.013979774612197446
0.000012589254117941688 0.01327618150293119
0.00001584893192461114 0.0126313600860859
0.00001995262314968883 0.012083013071946782
0.000025118864315095822 0.011711942437707531
0.000031622776601683795 0.011506969027058929
0.000039810717055349776 0.01146881244905007
0.00005011872336272725 0.01162179365340113
0.00006309573444801943 0.012000958472304238
0.00007943282347242822 0.012629418066340456
0.0001000000000000001 0.013544926212732683
0.00012589254117941688 0.01479345013057189
0.00015848931924611142 0.01640444227352347
0.0001995262314968881 0.018409826053285786
0.0002511886431509582 0.020849832875986032
0.00031622776601683826 0.023810833912328924
0.00039810717055349773 0.027469068791295823
0.0005011872336272725 0.03212035672691552
0.0006309573444801943 0.038161568351972805
0.0007943282347242822 0.04604737573097047
0.001 0.05619474413240075
0.0012589254117941688 0.06886132702007716
0.001584893192461114 0.08411653575085999
0.001995262314968883 0.10203469952999404
0.002511886431509582 0.122973616511403
0.003162277660168386 0.14764800912854437
0.003981071705534978 0.17695774862237257
0.005011872336272725 0.21175685608299796
0.006309573444801942 0.25271903020862274
0.00794328234724282 0.30017982933536014
0.010000000000000021 0.35411477884866766
0.012589254117941687 0.4143034160870845
0.01584893192461114 0.4805141799090713
0.01995262314968883 0.5528512472261132
0.025118864315095822 0.631869304035325
0.03162277660168386 0.7183429231172606
0.039810717055349776 0.8126548459885177
0.05011872336272725 0.9144800988639925
0.06309573444801943 1.0227349592243933
0.07943282347242822 1.136293452446454
0.1000000000000002 1.2535523903175418