#Columns: M [M_sun], f_PBH
0.00019952623149688788 1.0565667918353248
0.00025118864315095795 0.472271822901616
0.00031622776601683794 0.23649552997334103
0.0003981071705534969 0.12324922390952775
0.000501187233627272 0.08518444202564886
0.000630957344480193 0.07196224100635829
0.0007943282347242813 0.0688459820071591
0.001 0.07414524929129984
0.0012589254117941662 0.08330009594020961
0.0015848931924611126 0.0940036578767208
0.001995262314968879 0.10714068811940092
0.0025118864315095794 0.12359976537554877
0.0031622776601683794 0.14431194027490518
0.003981071705534969 0.17039897900758952
0.005011872336272725 0.20302618152085117
0.00630957344480193 0.24629857140014455
0.007943282347242814 0.30323184311236057
0.01 0.37181906762635314
0.012589254117941668 0.45237134856538896
0.015848931924611134 0.5469133659667899
0.01995262314968879 0.6385147910017156
0.025118864315095794 0.6935584642506222
0.03162277660168379 0.7149407890245781
0.039810717055349734 0.745619096033787
0.05011872336272725 0.8330106055267467
0.0630957344480193 0.9594892769177127
0.07943282347242814 1.0831376856370987
0.1 1.2071388276620363