#Columns: M_EDO [M_sun], f_EDO
2.4703818627347194e7 1.
2.7022517601236884e7 0.8065348475355177
2.955884952542548e7 0.6504984602891377
3.2333241415920176e7 0.5246496764913888
3.536803756725804e7 0.423148246838541
3.868767950815669e7 0.3412838067488426
4.231890284779182e7 0.27525728304251895
4.6290952598055445e7 0.22200459081173882
5.063581870594818e7 0.17905443880252994
5.538849369302788e7 0.14441364450015617
6.058725447688288e7 0.11647463674898192
6.62739706443514e7 0.09401736622529878
7.249444165924709e7 0.07604094121309575
7.929876572038324e7 0.061501666901806556
8.674174324058862e7 0.04974234894201096
9.488331819623968e7 0.04023145067302413
1.0378906090183614e8 0.032539066965713154
1.1353069609776717e8 0.02631749194440825
1.2418668060436745e8 0.021285502223336826
1.358428351945469e8 0.01721564523917114
1.4859303577394962e8 0.013923958095574326
1.625399694352427e8 0.011261652197977224
1.7779596147561297e8 0.009098811920473024
1.944838800380844e8 0.007341521096425269
2.1273812566241026e8 0.005923623048849148
2.3270571371515727e8 0.004779569460331936
2.545474584166138e8 0.0038564716285544092
2.7843926800039554e8 0.0031116554629613178
3.045735614366505e8 0.0025106886949422575
3.331608181288329e8 0.002025789100992515
3.644312730649137e8 0.001634540152256688
3.9863677107539153e8 0.0013188547159377726
4.360527951318518e8 0.001064138901298848
4.76980685021502e8 0.000865750982102246
5.217500642663869e8 0.0007067293328065673
5.707214948330816e8 0.0005769168735291464
6.242893810132904e8 0.0004709484430777715
6.828851458625076e8 0.0003844443562217489
7.46980705779025e8 0.00031382939088801294
8.170922712067257e8 0.0002561850238954518
8.937845040716041e8 0.00020912880811642506
9.776750654350673e8 0.00017071590571213316
1.069439589989677e9 0.00013935870780121837
1.1698171274607882e9 0.00011376121843487403
1.279616094737829e9 0.00009262683821334981
1.3997207866722496e9 0.00007508148379621634
1.5310984979786386e9 0.00006085956638244639
1.6748073135970097e9 0.000049331561298287234
1.8320046302580636e9 0.00003998718828908031
2.0039564778820634e9 0.00003241282426878876
2.192047715883673e9 0.000026273194541319222
2.397793186501327e9 0.0000212965320664977
2.6228499149775333e9 0.00001726254785447155
2.869030454847297e9 0.000013992680005244043
3.138317485814585e9 0.000011342189772898377
3.4328797817846055e9 9.046219137804698e-6
3.7550896776546907e9 7.042240329258092e-6
4.1075421755370674e9 5.482196274438771e-6
4.493075844290738e9 4.267743585319619e-6
4.91479568068205e9 3.3223245572143078e-6
5.376098116292536e9 2.5863410588765785e-6
5.880698371573676e9 2.0133975346585218e-6
6.432660377351522e9 1.5673762818929532e-6
7.036429504762232e9 1.2201606323399201e-6
7.696868367217212e9 9.417038372226013e-7
8.419295982738733e9 7.029413619415617e-7
9.209530612070055e9 5.247154559607621e-7
1.0073936617568066e10 3.916774920793458e-7
1.1019475720268896e10 2.92370381049031e-7
1.20537630679385e10 2.182418991220462e-7
1.3185128565667616e10 1.6290817955465142e-7
1.442268396295237e10 1.216039407307817e-7
1.577639623756455e10 1.e-7
1.7257167867227703e10 1.e-7
1.8876924635587685e10 1.e-7
2.0648711679647213e10 1.e-7
2.2586798552206295e10 1.e-7
2.470679414545753e10 1.e-7
2.702577240130343e10 1.e-7
2.9562409820836037e10 1.e-7
3.233713588045021e10 1.e-7
3.537229756600146e10 1.e-7
3.869233935013335e10 1.e-7
4.232400006226431e10 1.e-7
4.62965282367807e10 1.e-7
5.064191767379873e10 1.e-7
5.539516510964475e10 1.e-7
6.059455207227387e10 1.e-7
6.6281953191619545e10 1.e-7
7.25031734479357e10 1.e-7
7.930831707424864e10 1.e-7
8.675219108396994e10 1.e-7
9.489474667359071e10 1.e-7
1.0380156205540381e11 1.e-7
1.1354437060887875e11 1.e-7
1.242016386042935e11 1.e-7
1.3585919715147261e11 1.e-7
1.486109334631976e11 1.e-7
1.625595470005578e11 1.e-7
1.7781737659006537e11 1.e-7
1.9450730517392886e11 1.e-7
2.1276374948013727e11 1.e-7
2.3273374258292087e11 1.e-7
2.5457811807226804e11 1.e-7
2.7847280536953925e11 1.e-7
3.046102466213038e11 1.e-7
3.3320094658277563e11 1.e-7
3.644751679732019e11 1.e-7
3.98684785957207e11 1.e-7
4.361053166876708e11 1.e-7
4.7703813624748346e11 1.e-7
5.2181290786108435e11 1.e-7
5.707902369239078e11 1.e-7
6.243645752327477e11 1.e-7
6.829673978070153e11 1.e-7
7.470706778862413e11 1.e-7
8.171906880906686e11 1.e-7
8.938921583585272e11 1.e-7
9.77792824147075e11 1.e-7
1.0695684015275221e12 1.e-7
1.1699580292420493e12 1.e-7
1.2797702215520518e12 1.e-7
1.3998893798202559e12 1.e-7
1.5312829152696726e12 1.e-7
1.6750090402842185e12 1.e-7
1.8322252910003474e12 1.e-7
2.0041978498287417e12 1.e-7
2.1923117429871638e12 1.e-7
2.3980819951733345e12 1.e-7
2.623165831214632e12 1.e-7
2.8693760229639634e12 1.e-7
3.138695488934516e12 1.e-7
3.4332932642552876e12 1.e-7
3.7555419695659277e12 1.e-7
4.108036919540683e12 1.e-7
4.493617024937645e12 1.e-7
4.9153876565128955e12 1.e-7
5.376745654940276e12 1.e-7
5.881406688161084e12 1.e-7
6.433435176492465e12 1.e-7
7.037277026505302e12 1.e-7
7.6977954373016e12 1.e-7
8.420310067567108e12 1.e-7
9.210639878841246e12 1.e-7
1.0075150000053629e13 1.e-7
1.1020802990763662e13 1.e-7
1.2055214915964402e13 1.e-7
1.3186716684064455e13 1.e-7
1.4424421142049264e13 1.e-7
1.577829646818998e13 1.e-7
1.7259246453388682e13 1.e-7
1.8879198317724363e13 1.e-7
2.0651198769456477e13 1.e-7
2.2589519080119926e13 1.e-7
2.470977002196218e13 1.e-7
2.702902759340304e13 1.e-7
2.9565970545076168e13 1.e-7
3.2341030814059473e13 1.e-7
3.537655807785186e13 1.e-7
3.869699975337726e13 1.e-7
4.232909789068474e13 1.e-7
4.630210454707881e13 1.e-7
5.064801737625582e13 1.e-7
5.54018373298183e13 1.e-7
6.060185054664331e13 1.e-7
6.628993670036741e13 1.e-7
7.251190628834817e13 1.e-7
7.931786957855233e13 1.e-7
8.676264018576978e13 1.e-7
9.490617652747536e13 1.e-7
1.0381406471470667e14 1.e-7
1.1355804676705373e14 1.e-7
1.2421659840587673e14 1.e-7
1.3587556107915838e14 1.e-7
1.4862883330818047e14 1.e-7
1.6257912692394556e14 1.e-7
1.77838794283919e14 1.e-7
1.945307331312778e14 1.e-7
2.1278937638419416e14 1.e-7
2.327617748266962e14 1.e-7
2.5460878142080828e14 1.e-7
2.7850634677818188e14 1.e-7
3.046469362246044e14 1.e-7
3.332410798700983e14 1.e-7
3.645190681685293e14 1.e-7
3.9873280662230606e14 1.e-7
4.361578445695904e14 1.e-7
4.770955943933328e14 1.e-7
5.218757590251481e14 1.e-7
5.708589872945631e14 1.e-7
6.244397785091758e14 1.e-7
6.830496596585776e14 1.e-7
7.47160660830388e14 1.e-7
8.172891168286986e14 1.e-7
8.939998256121651e14 1.e-7
9.779105970428486e14 1.e-7
1.0696972285804162e15 1.e-7
1.1700989479946105e15 1.e-7
1.2799243669304948e15 1.e-7
1.400057993274919e15 1.e-7
1.5314673547733448e15 1.e-7