#Columns: M_EDO [M_sun], f_EDO
1063.1561009973705 1.
1167.5038570334239 0.7971957266412728
1282.0932456759635 0.6355210265751066
1407.9294733849174 0.5066346465763485
1546.1164066743136 0.40388697521907635
1697.866255502383 0.32197697069071723
1864.5102070771368 0.256678665111542
2047.510103359818 0.2046231349469071
2248.4712647041506 0.1631246887516148
2469.1565721235597 0.13004230478247497
2711.5019317194447 0.10366916965517095
2977.633256928336 0.08258903431176028
3269.8851175603886 0.06578697545331003
3590.8212192231836 0.052403157094163405
3943.2568927814455 0.04174216635608227
4330.283791135727 0.03325006638374685
4755.29700996635 0.02648561421303614
5222.024870352465 0.0210973341269682
5734.561624526714 0.016805255248559133
6297.403371668516 0.01338636447001227
6915.487498798139 0.010663018863659945
7594.235992756827 0.00857783039224416
8339.603003216538 0.006927198173521627
9158.127073953474 0.00559419717352178
10056.988500571422 0.004517705605111828
11044.072317830753 0.0036483633489110745
12128.037469123592 0.002946308655131636
13318.392764867096 0.0023793503719673316
14625.580296140182 0.0019214918921412773
16061.067035289447 0.0015517391364735667
17637.445427046656 0.0012531379172151576
19368.543852568684 0.0010119965415907987
21269.547935417297 0.0008208895220821636
23357.133753605183 0.0006660459363962205
25649.614126276923 0.0005404103444574286
28167.099258287937 0.00043847327104307225
30931.673151895713 0.000355764487839771
33967.58733308979 0.0002886569813179379
37301.47359197642 0.0002342078979538588
40962.57760342809 0.00019002949179859895
44983.01547737774 0.00015418441508043378
49398.055489278195 0.00012510076003829392
54246.42746213801 0.00010150312633085903
59570.662514108706 0.00008340591557641921
65417.466151972214 0.00006860201391482954
71838.12798339948 0.00005642568972051436
78888.97164207418 0.00004641056841842248
86631.84887253889 0.000038173053295225955
95134.68210899734 0.000031397633072335586
104472.06030770607 0.00002582479727049537
114725.89325974915 0.00002124109650322033
125986.13012398395 0.000017470966990884894
138351.54848331132 0.000014370006160007542
151930.62084606555 0.000011819441771390748
166842.46619368528 9.724838490949947e-6
183217.89492188423 8.017310778560512e-6
201200.55634179505 6.609597905388329e-6
220948.1988072579 5.449057131194036e-6
242634.0535223995 4.492288947684779e-6
266448.35416860005 3.7035141132882144e-6
292600.0056814028 3.05323565493129e-6
321318.4168162759 2.5171358011288424e-6
352855.5125789601 2.0751665961621047e-6
387487.9441739291 1.7108001880136182e-6
425519.5158571852 1.4104107538741423e-6
467283.8499823348 1.1627649497475874e-6
513147.31361839175 9.561784373545823e-7
563512.2324123263 7.792287973590534e-7
618820.419889151 6.350253204972365e-7
679557.053149444 5.175080272178455e-7
746254.928962879 4.2173839308517876e-7
819499.1375932674 3.436918131652421e-7
899932.1953550746 2.8008847279160113e-7
988259.6809254483 2.2825551725613667e-7
1.0852564248548993e6 1.8601472826991976e-7
1.1917733065725348e6 1.5159098693112394e-7
1.3087447185108655e6 1.235376764650965e-7
1.437196762827342e6 1.0067588987549119e-7
1.5782562526262742e6 1.e-7
1.7331605966420996e6 1.e-7
1.903268654094859e6 1.e-7
2.0900726549393702e6 1.e-7
2.2952112900754926e6 1.e-7
2.520484086350009e6 1.e-7
2.7678671924512386e6 1.e-7
3.0395307141741086e6 1.e-7
3.3378577511249306e6 1.e-7
3.6654653018606044e6 1.e-7
4.025227220847241e6 1.e-7
4.420299428622384e6 1.e-7
4.854147596310546e6 1.e-7
5.330577547347496e6 1.e-7
5.853768643104808e6 1.e-7
6.428310445281517e6 1.e-7
7.059242976674587e6 1.e-7
7.752100933505401e6 1.e-7
8.512962237144096e6 1.e-7
9.348501351139035e6 1.e-7
1.0266047831261968e7 1.e-7
1.1273650622184215e7 1.e-7
1.2380148664810132e7 1.e-7
1.359524843365291e7 1.e-7
1.4929609084429886e7 1.e-7
1.639493595881294e7 1.e-7
1.800408326658078e7 1.e-7
1.9771166845926788e7 1.e-7
2.1711687991082687e7 1.e-7
2.384266943350591e7 1.e-7
2.618280466949034e7 1.e-7
2.8752621944139343e7 1.e-7
3.1574664330209777e7 1.e-7
3.467368748152139e7 1.e-7
3.807687679567568e7 1.e-7
4.181408589108762e7 1.e-7
4.5918098490310274e7 1.e-7
5.042491600695853e7 1.e-7
5.537407335901295e7 1.e-7
6.080898577889959e7 1.e-7
6.677732966264711e7 1.e-7
7.333146079902509e7 1.e-7
8.052887364747259e7 1.e-7
8.843270569371836e7 1.e-7
9.711229130742039e7 1.e-7
1.0664376996040705e8 1.e-7
1.1711075414095607e8 1.e-7
1.286050628232222e8 1.e-7
1.412275269259911e8 1.e-7
1.5508887382643566e8 1.e-7
1.7031069868805808e8 1.e-7
1.8702653112353918e8 1.e-7
2.0538300654952744e8 1.e-7
2.255411525087862e8 1.e-7
2.4767780124362293e8 1.e-7
2.7198714091205966e8 1.e-7
2.986824190543856e8 1.e-7
3.279978132533239e8 1.e-7
3.6019048539771473e8 1.e-7
3.9554283757020324e8 1.e-7
4.3436498934816337e8 1.e-7
4.769974982493352e8 1.e-7
5.2381434718660223e8 1.e-7
5.752262251386132e8 1.e-7
6.316841298150715e8 1.e-7
6.936833239202026e8 1.e-7
7.617676797196937e8 1.e-7
8.365344500227264e8 1.e-7
9.186395074313583e8 1.e-7
1.0088030978171936e9 1.e-7
1.1078161584963279e9 1.e-7
1.2165472565271144e9 1.e-7
1.335950207995227e9 1.e-7
1.467072445124304e9 1.e-7
1.6110642046104562e9 1.e-7
1.7691886177830877e9 1.e-7
1.9428327911053367e9 1.e-7
2.1335199742150526e9 1.e-7
2.342922922247415e9 1.e-7
2.5728785696566734e9 1.e-7
2.8254041442595615e9 1.e-7
3.1027148628566446e9 1.e-7
3.407243363662009e9 1.e-7
3.741661046007352e9 1.e-7
4.108901504517733e9 1.e-7
4.512186263329134e9 1.e-7
4.955053036095055e9 1.e-7
5.441386759685694e9 1.e-7
5.97545367381506e9 1.e-7
6.56193874555105e9 1.e-7
7.205986767005228e9 1.e-7
7.913247486721831e9 1.e-7
8.689925170669405e9 1.e-7
9.54283302759641e9 1.e-7
1.0479452976183712e10 1.e-7
1.1508001278285614e10 1.e-7
1.2637500614011215e10 1.e-7
1.3877859230905981e10 1.e-7
1.5239957861549871e10 1.e-7
1.6735745172035042e10 1.e-7
1.8378342578619843e10 1.e-7
2.0182159352037952e10 1.e-7
2.216301901918521e10 1.e-7
2.433829817101128e10 1.e-7
2.6727078894273777e10 1.e-7
2.9350316164322567e10 1.e-7
3.223102166732694e10 1.e-7
3.539446566447833e10 1.e-7
3.886839866897177e10 1.e-7
4.2683294880372055e10 1.e-7
4.6872619511829025e10 1.e-7
5.147312235520521e10 1.e-7
5.652516015933969e10 1.e-7
6.207305064943057e10 1.e-7
6.816546129308304e10 1.e-7
7.485583622337122e10 1.e-7
8.220286506399348e10 1.e-7
9.02709977691676e10 1.e-7
9.913100999457004e10 1.e-7
1.0886062395889523e11 1.e-7
1.1954519024237747e11 1.e-7
1.3127843650319743e11 1.e-7
1.4416328967967767e11 1.e-7