#Columns: M_EDO [M_sun], f_EDO
1760.6772047161724 1.
1933.6658310199214 0.7969949176040783
2123.65079529539 0.6352008986867312
2332.3020079327653 0.5062518879108677
2561.453450001219 0.40348018169243094
2813.1192933879624 0.3215716541628375
3089.5116047601114 0.25629097401331774
3393.0597889618252 0.20426260371641305
3726.4319427483083 0.16279625701855707
4092.5583065495352 0.1297477894487572
4494.657020397613 0.10340832876102353
4936.2624104045935 0.08299917946215442
5421.2560544203225 0.06669954293968082
5953.900899928068 0.053600879637501514
6538.878734063908 0.04307457249762786
7181.331335110026 0.03461545423137546
7886.905667171089 0.027817563870435078
8661.803515281252 0.022354664321704815
9512.83599721938 0.017964585945184935
10447.483431174836 0.014436644788648935
11473.961085482535 0.01160153166844834
12601.291388347614 0.009325586783351741
13839.383232261129 0.007500219055338513
15199.119070168961 0.006032144377068897
16692.45056894273 0.004851427073973859
18332.50366091774 0.0039018205107224377
20133.693916869215 0.003138087631898378
22111.853254520644 0.0025238459735428217
24284.369096313567 0.002029834486908487
26670.337199593323 0.0016325196099266285
29290.729502542017 0.0013129741828625978
32168.57846117393 0.0010559758023005886
35329.179497659694 0.0008569193591771375
38800.313339438486 0.0006974647463036869
42612.49020341201 0.0005676812726037483
46799.21797152578 0.00046204776509907637
51397.29671491982 0.00037607042461319627
56447.142155426656 0.0003060916531831351
61993.14090754541 0.00024913445465633415
68084.04062336223 0.00020277578905352847
74773.37846967267 0.00016504349301264224
82119.95170348944 0.00013433238116323327
90188.33448215274 0.00010933595926500381
99049.44545064824 0.00009149876196913748
108781.17109505319 0.00007821747442495574
119469.05034119818 0.00006686400093022225
131207.02641596034 0.00005715851417174279
144098.27257982225 0.00004886180451168038
158256.09898863564 0.000041769384224440715
173804.94865562939 0.0000357064475191842
190881.4912678671 0.00003052356212841265
209635.82447147215 0.000026092986273879468
230232.79318455287 0.000022305520234648563
252853.43853418797 0.000019067814918385823
277696.589153191 0.000016300071100652604
304980.60882367374 0.000013934072625707175
334945.31582866533 0.00001191150509341698
367854.09088230575 0.000010182518593216911
403996.1921666825 7.737807650725892e-6
443689.29782378965 5.790495148259597e-6
487282.2982503411 4.333247293743776e-6
535158.3627388626 3.2427334153593597e-6
587738.3074199116 2.426660490452491e-6
645484.2941086243 1.8159621472524172e-6
708903.8925673293 1.3589533983959586e-6
778554.5418902829 1.0169564061707354e-6
855048.4502247509 8.358515513082973e-7
939057.9758955123 6.90977180313994e-7
1.0313215372312363e6 5.712132291521864e-7
1.1326501030383143e6 4.722074222627688e-7
1.243934320771448e6 3.9036184433438794e-7
1.3661523450554772e6 3.227021904525447e-7
1.5003784353687705e6 2.667696785284837e-7
1.6477923984592138e6 2.2053169605818228e-7
1.8096899584887787e6 1.8230793407469538e-7
1.987494146057121e6 1.507093239686278e-7
2.1827678062102804e6 1.245875581134869e-7
2.39722733537607e6 1.0299335985285518e-7
2.6327577679696796e6 1.e-7
2.891429345276215e6 1.e-7
3.1755157122456264e6 1.e-7
3.4875139021443264e6 1.e-7
3.83016628472256e6 1.e-7
4.2064846708153095e6 1.e-7
4.619776785248865e6 1.e-7
5.073675340741886e6 1.e-7
5.572169968351745e6 1.e-7
6.119642285125193e6 1.e-7
6.720904407187361e6 1.e-7
7.381241246787434e6 1.e-7
8.106456965079295e6 1.e-7
8.902925988943081e6 1.e-7
9.777649040270064e6 1.e-7
1.0738314670191236e7 1.e-7
1.1793366839116916e7 1.e-7
1.2952079136595586e7 1.e-7
1.4224636293362025e7 1.e-7
1.5622223702040864e7 1.e-7
1.7157125733365566e7 1.e-7
1.8842833712082744e7 1.e-7
2.0694164501617596e7 1.e-7
2.2727390739822775e7 1.e-7
2.4960383870545067e7 1.e-7
2.7412771228212796e7 1.e-7
3.0106108556171197e7 1.e-7
3.3064069475147948e7 1.e-7
3.631265356722158e7 1.e-7
3.9880414904286206e7 1.e-7
4.379871302971019e7 1.e-7
4.810198859923922e7 1.e-7
5.282806610394712e7 1.e-7
5.801848633607498e7 1.e-7
6.37188715200352e7 1.e-7
6.99793263179679e7 1.e-7
7.685487823457187e7 1.e-7
8.440596129223163e7 1.e-7
9.26989472278021e7 1.e-7
1.018067288801047e8 1.e-7
1.1180936089594135e8 1.e-7
1.2279476338623275e8 1.e-7
1.348594947172111e8 1.e-7
1.4810960022925982e8 1.e-7
1.6266154434339267e8 1.e-7
1.7864323424829772e8 1.e-7
1.9619514416585356e8 1.e-7
2.1547155007706007e8 1.e-7
2.366418857612659e8 1.e-7
2.5989223206785524e8 1.e-7
2.8542695251065296e8 1.e-7
3.1347048956141144e8 1.e-7
3.442693374312766e8 1.e-7
3.78094208680369e8 1.e-7
4.1524241369933754e8 1.e-7
4.56040473977787e8 1.e-7
5.0084699212944686e8 1.e-7
5.500558039007117e8 1.e-7
6.040994398677762e8 1.e-7
6.634529272496034e8 1.e-7
7.286379652535529e8 1.e-7
8.002275106536626e8 1.e-7
8.788508139074597e8 1.e-7
9.651989500771973e8 1.e-7
1.0600308931707033e9 1.e-7
1.16418018729341e9 1.e-7
1.2785622732490213e9 1.e-7
1.4041825349873471e9 1.e-7
1.5421451366252425e9 1.e-7
1.693662727715316e9 1.e-7
1.8600671020688574e9 1.e-7
2.0428209038207016e9 1.e-7
2.243530483628942e9 1.e-7
2.463960018011485e9 1.e-7
2.7060470159242477e9 1.e-7
2.9719193488789773e9 1.e-7
3.263913954290472e9 1.e-7
3.5845973764498143e9 1.e-7
3.936788325672699e9 1.e-7
4.323582453910729e9 1.e-7
4.748379564596096e9 1.e-7
5.214913495885711e9 1.e-7
5.727284939969686e9 1.e-7
6.289997486915638e9 1.e-7
6.907997209863711e9 1.e-7
7.586716139513882e9 1.e-7
8.332120010033446e9 1.e-7
9.15076069605632e9 1.e-7
1.0049833801680086e10 1.e-7
1.1037241907650208e10 1.e-7
1.212166403265545e10 1.e-7
1.3312631919277622e10 1.e-7
1.4620613815126923e10 1.e-7
1.6057106485573038e10 1.e-7
1.7634736266836723e10 1.e-7
1.9367370047666977e10 1.e-7
2.1270237155100456e10 1.e-7
2.336006321564107e10 1.e-7
2.565521716846002e10 1.e-7
2.81758727228163e10 1.e-7
3.0944185678861553e10 1.e-7
3.398448867042391e10 1.e-7
3.73235050415024e10 1.e-7
4.099058373637961e10 1.e-7
4.501795726796814e10 1.e-7
4.944102503185266e10 1.e-7
5.4298664456274185e10 1.e-7
5.963357272296773e10 1.e-7
6.5492642062480194e10 1.e-7
7.192737192269756e10 1.e-7
7.899432163342108e10 1.e-7
8.675560754577266e10 1.e-7
9.527944901614023e10 1.e-7
1.0464076803369212e11 1.e-7
1.1492184776200946e11 1.e-7
1.262130557832115e11 1.e-7
1.3861363840167966e11 1.e-7
1.5223259298906287e11 1.e-7
1.671896260382192e11 1.e-7
1.8361620534708902e11 1.e-7
2.0165671558088815e11 1.e-7
2.214697273696604e11 1.e-7
2.4322939109616376e11 1.e-7