#Columns: M_EDO [M_sun], f_EDO
5970.781901679746 1.
6553.235305625466 0.7859283006608508
7192.5073931798715 0.617683293779651
7894.1408614671345 0.48545478142683823
8664.219101085131 0.3815326514144798
9509.418941082453 0.2998573083728101
10437.06853923997 0.23566634481017937
11455.210919584642 0.1852168498996184
12572.67370802634 0.14556716409536297
13799.145670748478 0.11440535390948725
15145.260718965055 0.09070863012833957
16622.690108393082 0.07272532370770667
18244.243632839287 0.05830727132476356
20023.980689282896 0.046747648769548567
21977.332177424687 0.0374797622291226
24121.234290611173 0.030049266941241503
26474.275358144812 0.024091893598096697
29056.857012150576 0.019315590569213233
31891.371076368854 0.015486206491753488
35002.39371055709 0.012416011337881462
38416.89849379607 0.009958460745721862
42164.490294202355 0.008139791346906903
46277.6619527728 0.006653257452427507
50792.07600689506 0.005438202632196837
55746.87389615693 0.004445047870204124
61185.01533137076 0.0036332685456452953
67153.6507692524 0.002969740868993003
73704.53022223148 0.002427390301093454
80894.45194790744 0.0019840868054728654
88785.75490843372 0.0016217418558021922
97446.85926961618 0.0013255703528727034
106952.85962602509 0.0010834873343920056
117386.17609557859 0.0008832636199336968
128837.26892879832 0.0007187779117001842
141405.42282863107 0.0005849235434228167
155199.60778114983 0.00047599619587783344
170339.42386080607 0.0003873538363053888
186956.13820201615 0.0003152188941842114
205193.82312795127 0.0002565172768093603
225210.60530448466 0.00020874736418317723
247180.03674986592 0.0001698734003238636
271292.5995872197 0.00013823873777045435
297757.3575865708 0.00011249523812401076
326803.768815792 0.00009136936858678105
358683.6751167571 0.00007402019606925129
393673.48565610155 0.000059965276228504526
432076.5734826826 0.00004857909792344676
474225.90587068984 0.00003935492177277775
520486.9312543032 0.00003188222782938766
571260.7477846046 0.000025828445479672926
626987.5809811268 0.000020924152460936984
688150.6006304313 0.000016951084282370075
755280.1100254632 0.000013732420411504925
828958.1438677409 0.000011124914914997506
909823.514697727 9.238134217863478e-6
998577.3516075072 7.86831278922663e-6
1.095989179258299e6 6.7016071307335345e-6
1.2029035899097917e6 5.707899436355872e-6
1.320247566309995e6 4.861537738632819e-6
1.4490385189374879e6 4.1406737185335035e-6
1.5903931072814644e6 3.526698704220236e-6
1.7455369216430807e6 3.0037632993583715e-6
1.9158151094023627e6 2.558368240466744e-6
2.102704037883928e6 2.179015921536506e-6
2.3078240949423485e6 1.8559135902356777e-6
2.5329537382523697e6 1.5807205538877923e-6
2.780044915116009e6 1.3463328694985272e-6
3.0512399864810794e6 1.1466999597329297e-6
3.3488903019081466e6 9.607552410634804e-7
3.6755765865367153e6 7.318262182304031e-7
4.0341313168123555e6 5.574464658621978e-7
4.427663278979724e6 4.2461796880364955e-7
4.859584523271312e6 3.234398825222964e-7
5.333639947493896e6 2.463705384413716e-7
5.853939766511691e6 1.8766529884485443e-7
6.424995149147376e6 1.4294835987018564e-7
7.051757331484486e6 1.0888658540154088e-7
7.739660545696136e6 1.e-7
8.494669136607317e6 1.e-7
9.323329274506116e6 1.e-7
1.0232825712571481e7 1.e-7
1.1231044081022343e7 1.e-7
1.2326639258098803e7 1.e-7
1.352911041067447e7 1.e-7
1.4848883355125505e7 1.e-7
1.6297400952553183e7 1.e-7
1.7887222322114903e7 1.e-7
1.963213173267614e7 1.e-7
2.154725811690923e7 1.e-7
2.364920624406487e7 1.e-7
2.5956200688727994e7 1.e-7
2.8488243843812037e7 1.e-7
3.126728934781813e7 1.e-7
3.431743243002808e7 1.e-7
3.766511882398654e7 1.e-7
4.13393740606214e7 1.e-7
4.53720551290457e7 1.e-7
4.9798126687025554e7 1.e-7
5.465596421594591e7 1.e-7
5.998768674872796e7 1.e-7
6.583952205555714e7 1.e-7
7.22622074537009e7 1.e-7
7.931142971656717e7 1.e-7
8.704830789616042e7 1.e-7
9.55399232451602e7 1.e-7
1.0485990083322115e8 1.e-7
1.1508904790029782e8 1.e-7
1.263160544817212e8 1.e-7
1.386382623796804e8 1.e-7
1.521625091483405e8 1.e-7
1.6700605441021675e8 1.e-7
1.8329759653527865e8 1.e-7
2.0117838849771908e8 1.e-7
2.2080346258522746e8 1.e-7
2.4234297457939082e8 1.e-7
2.6598367906172734e8 1.e-7
2.9193054863670355e8 1.e-7
3.204085511109453e8 1.e-7
3.5166460003736484e8 1.e-7
3.859696955360556e8 1.e-7
4.2362127395355386e8 1.e-7
4.649457867328014e8 1.e-7
5.103015308534414e8 1.e-7
5.600817553832786e8 1.e-7
6.147180710757204e8 1.e-7
6.746841925755302e8 1.e-7
7.405000456790311e8 1.e-7
8.127362752600154e8 1.e-7
8.920191929465877e8 1.e-7
9.790362074468956e8 1.e-7
1.07454178460642e9 1.e-7
1.179363988872474e9 1.e-7
1.2944116628825579e9 1.e-7
1.4206823074259303e9 1.e-7
1.5592707301001732e9 1.e-7
1.711378537649508e9 1.e-7
1.8783245542864842e9 1.e-7
2.061556256327256e9 1.e-7
2.262662322282475e9 1.e-7
2.483386407217208e9 1.e-7
2.7256422608080587e9 1.e-7
2.991530320175857e9 1.e-7
3.2833559213593516e9 1.e-7
3.6036492873292317e9 1.e-7
3.955187465845036e9 1.e-7
4.341018407363221e9 1.e-7
4.764487391760116e9 1.e-7
5.229266032997456e9 1.e-7
5.739384113210753e9 1.e-7
6.299264522232403e9 1.e-7
6.913761605486551e9 1.e-7
7.588203252744186e9 1.e-7
8.328437092662093e9 1.e-7
9.140881193627167e9 1.e-7
1.0032579710498777e10 1.e-7
1.1011263959724659e10 1.e-7
1.208541945237161e10 1.e-7
1.3264359466269207e10 1.e-7
1.4558305795160374e10 1.e-7
1.5978477374981125e10 1.e-7
1.7537187555687775e10 1.e-7
1.9247950862009758e10 1.e-7
2.112560016877875e10 1.e-7
2.3186415306782627e10 1.e-7
2.544826421419887e10 1.e-7
2.7930757857435207e10 1.e-7
3.0655420264593258e10 1.e-7
3.3645875145799915e10 1.e-7
3.69280507184652e10 1.e-7
4.053040451336746e10 1.e-7
4.448417011071176e10 1.e-7
4.882362794543789e10 1.e-7
5.3586402529751564e10 1.e-7
5.881378866989478e10 1.e-7
6.455110950556088e10 1.e-7
7.084810947626997e10 1.e-7
7.775938562185527e10 1.e-7
8.534486095657396e10 1.e-7
9.367030402114935e10 1.e-7
1.0280789911743002e11 1.e-7
1.1283687216978818e11 1.e-7
1.238441776396787e11 1.e-7
1.3592525244912668e11 1.e-7
1.4918484344991348e11 1.e-7
1.6373791561288498e11 1.e-7
1.7971064881167657e11 1.e-7
1.9724153184329596e11 1.e-7
2.1648256317108124e11 1.e-7
2.3760056880086664e11 1.e-7
2.6077864871676074e11 1.e-7
2.8621776441762195e11 1.e-7
3.1413848131868225e11 1.e-7
3.4478288112550543e11 1.e-7
3.7841666076117804e11 1.e-7
4.1533143604515027e11 1.e-7
4.5584727009732214e11 1.e-7
5.0031544838949194e11 1.e-7
5.4912152450476605e11 1.e-7
6.026886630126519e11 1.e-7
6.614813084436434e11 1.e-7
7.260092121744882e11 1.e-7