#Columns: M_EDO [M_sun], f_EDO
13866.461129425295 0.9999999999999998
15204.304293281017 0.7766995019808134
16671.22324037875 0.6032621163772438
18279.671267390073 0.46855338535409685
20043.303171330786 0.36392518105594923
21977.091170919975 0.2826605068844332
24097.45201209069 0.21954227492678358
26422.386336703978 0.17051837559936767
28971.63149762697 0.1324415374066062
31766.829117486723 0.10286727614528433
34831.708813577134 0.08203408259223328
38192.289648637656 0.06563801190997307
41877.101017704335 0.05251900760455006
45917.424846236434 0.04202208567117944
50347.56115563972 0.033623173108148344
55205.11925068571 0.026902942864539155
60531.337000840016 0.021525878370987465
66371.4309260142 0.01722352242190228
72774.98005876763 0.013781074086974055
79796.34684172821 0.011026664484679264
87495.13863340799 0.008952951460734111
95936.71374033399 0.0073527832347948414
105192.7362714128 0.006038614364770284
115341.78452492491 0.004959327955412996
126470.01807300292 0.004072943275336385
138671.90920675674 0.003344982843088954
152051.04495159362 0.0027471313652496945
166721.00646137932 0.0022561343635979867
182806.33325699455 0.0018528936515364058
200443.58049511068 0.0015217244767411668
219782.47824279158 0.0012497454353049685
240987.2025994937 0.0010263774270164857
264237.76945755753 0.0008303832437388278
289731.5627334153 0.0006702819220582926
317685.010043313 0.0005410487969570202
348335.4200490776 0.0004367323525446071
381942.9970719242 0.00035252854979418507
418793.05007722316 0.00028455958826017585
459198.4147832302 0.00022969532345132172
503502.1094560894 0.00018540911567235045
552080.246937278 0.0001496614718047931
605345.2276249229 0.0001208061214334202
663749.2405155754 0.00009760655397256845
727788.1020282528 0.00007942478084245003
798005.4652001627 0.00006462983841888439
874997.4349877555 0.00005259084091571872
959417.6288543484 0.000042794421522401365
1.0519827256057994e6 0.00003482284142160562
1.1534785495806334e6 0.000028336176574779217
1.2647667418459242e6 0.000023057822684707443
1.3867920750334964e6 0.00001876270023785136
1.5205904739152268e6 0.0000152676566659934
1.667297809807494e6 0.00001242365635626366
1.8281595434641887e6 0.000010109425476033872
2.0045412983209584e6 8.151097707779134e-6
2.197940453851296e6 6.568761111514399e-6
2.409998857455593e6 5.2935965298224606e-6
2.642516762799528e6 4.265974016230912e-6
2.897468112930491e6 3.43783932240255e-6
3.177017297916721e6 2.7704667589839854e-6
3.483537529271909e6 2.2326482836525524e-6
3.819630987153656e6 1.799234133501997e-6
4.1881509113736195e6 1.449956758017735e-6
4.592225823759695e6 1.1684830567488483e-6
5.03528608750366e6 9.447306821364291e-7
5.521093028968312e6 7.703120242947148e-7
6.053770869181104e6 6.280949967996591e-7
6.637841736094379e6 5.121344501482601e-7
7.278264054846324e6 4.1758284394090934e-7
7.98047464193332e6 3.404876034082435e-7
8.750434860649714e6 2.776258885077502e-7
9.594681229627218e6 2.2636986838344354e-7
1.052038091411215e7 1.845768692083157e-7
1.153539257106884e7 1.504998032204329e-7
1.2648333064649248e7 1.2271413458544456e-7
1.3868650618405158e7 1.0005832901321674e-7
1.520670502526198e7 1.e-7
1.6673855596192172e7 1.e-7
1.8282557594220106e7 1.e-7
2.004646797242917e7 1.e-7
2.1980561313624624e7 1.e-7
2.4101256955913782e7 1.e-7
2.642655838342635e7 1.e-7
2.8976206065521393e7 1.e-7
3.1771845041999023e7 1.e-7
3.4837208677016355e7 1.e-7
3.819832014167549e7 1.e-7
4.188371333575217e7 1.e-7
4.5924675124064706e7 1.e-7
5.0355510943929926e7 1.e-7
5.5213836038559824e7 1.e-7
6.0540894788805e7 1.e-7
6.63819108541829e7 1.e-7
7.278647109569198e7 1.e-7
7.980894653969082e7 1.e-7
8.750895395658518e7 1.e-7
9.59518619728598e7 1.e-7
1.0520934601305309e8 1.e-7
1.1535999678281666e8 1.e-7
1.2648998745872188e8 1.e-7
1.3869380524888247e8 1.e-7
1.5207505353490776e8 1.e-7
1.6674733140492094e8 1.e-7
1.828351980443667e8 1.e-7
2.004752301717288e8 1.e-7
2.198171814961731e8 1.e-7
2.4102525404026493e8 1.e-7
2.6427949212052763e8 1.e-7
2.897773108199532e8 1.e-7
3.1773517192831427e8 1.e-7
3.483904215780441e8 1.e-7
3.8200330517614996e8 1.e-7
4.188591767377625e8 1.e-7
4.59270921377331e8 1.e-7
5.0358161152296156e8 1.e-7
5.52167419403662e8 1.e-7
6.05440810534831e8 1.e-7
6.638540453128413e8 1.e-7
7.279030184452256e8 1.e-7
7.981314688110061e8 1.e-7
8.75135595490526e8 1.e-7
9.595691191521149e8 1.e-7
1.0521488317639043e9 1.e-7
1.153660681744652e9 1.e-7
1.26496644621299e9 1.e-7
1.387011046978634e9 1.e-7
1.5208305723840752e9 1.e-7
1.6675610730977132e9 1.e-7
1.8284482065294428e9 1.e-7
2.0048578117443466e9 1.e-7
2.1982875046494184e9 1.e-7
2.410379391889757e9 1.e-7
2.6429340113878536e9 1.e-7
2.8979256178730683e9 1.e-7
3.177518943166906e9 1.e-7
3.48408757350887e9 1.e-7
3.820234099936035e9 1.e-7
4.188812212781446e9 1.e-7
4.592950927860882e9 1.e-7
5.036081150014296e9 1.e-7
5.5219647995109825e9 1.e-7
6.054726748585419e9 1.e-7
6.638889839225784e9 1.e-7
7.279413279496499e9 1.e-7
7.9817347443574e9 1.e-7
8.751816538391214e9 1.e-7
9.59619621233418e9 1.e-7
1.05220420631148e10 1.e-7
1.153721398856508e10 1.e-7
1.2650330213424284e10 1.e-7
1.3870840453101347e10 1.e-7
1.5209106136314186e10 1.e-7
1.6676488367649721e10 1.e-7
1.8285444376795933e10 1.e-7
2.004963327324393e10 1.e-7
2.198403200425849e10 1.e-7
2.4105062500530632e10 1.e-7
2.6430731088907307e10 1.e-7
2.898078135573182e10 1.e-7
3.1776861758516544e10 1.e-7
3.484270940887394e10 1.e-7
3.8204351586917274e10 1.e-7
4.189032669787299e10 1.e-7
4.5931926546698746e10 1.e-7
5.0363461987477234e10 1.e-7
5.5222554202798996e10 1.e-7
6.055045408592706e10 1.e-7
6.639239243711304e10 1.e-7
7.279796394703017e10 1.e-7
7.982154822712282e10 1.e-7
8.752277146117694e10 1.e-7
9.596701259726398e10 1.e-7
1.0522595837734158e11 1.e-7
1.1537821191639034e11 1.e-7
1.2650995999757076e11 1.e-7
1.3871570474835342e11 1.e-7
1.520990659091329e11 1.e-7
1.6677366050512357e11 1.e-7
1.8286406738943774e11 1.e-7
2.0050688484577203e11 1.e-7
2.198518902291343e11 1.e-7
2.410633114892899e11 1.e-7
2.643212213714303e11 1.e-7
2.8982306613002954e11 1.e-7
3.1778534173378656e11 1.e-7
3.484454317916549e11 1.e-7
3.8206362280291327e11 1.e-7
4.1892531383957947e11 1.e-7
4.59343439420092e11 1.e-7
5.036611261430654e11 1.e-7
5.522546056344175e11 1.e-7
6.055364085371082e11 1.e-7
6.639588666585992e11 1.e-7
7.280179530072871e11 1.e-7
7.982574923175869e11 1.e-7
8.752737778085903e11 1.e-7
9.597206333699237e11 1.e-7
1.052314964149865e12 1.e-7
1.1538428426670103e12 1.e-7
1.2651661821130227e12 1.e-7
1.3872300534990352e12 1.e-7