#Columns: M_EDO [M_sun], f_EDO
39074.20799850554 1.
42830.837976100556 0.7907276687886656
46948.633784340316 0.6252502461879578
51462.31823542704 0.4944026695777431
56409.95242438191 0.39093787035810174
61833.25667459862 0.3091253908694657
67777.96233939439 0.24443399968559776
74294.19742608415 0.19328072674408217
81436.90929430333 0.15283241848012719
89266.32799293355 0.12084882198012475
97848.47414266253 0.09611742755845472
107255.71564683622 0.07832838046431229
117567.37792499992 0.06383166239473893
128870.41281484823 0.0520179416441826
141260.1317830182 0.04239065929639027
154841.00962743716 0.034545157666452844
169727.5654483448 0.02815167157123483
186045.32831667623 0.0229414675106344
203931.89578268 0.018695548156340197
223538.0941505215 0.015235447370749725
245029.25030274407 0.01241572884869742
268586.5857990931 0.01011787308197644
294408.7450052723 0.008048085755685223
322713.470137391 0.006392303928174956
353739.43734671315 0.005077176206937886
387748.26932726364 0.004032617742513381
425026.7414173722 0.0032029626694878043
465889.1997978234 0.0025439976008582443
510680.21217778506 0.0020206054397154272
559777.4733200973 0.0016048939439369705
613594.9899064117 0.001274709312694075
672586.57159817 0.0010124555818828657
737249.6577313583 0.0008157990108772958
808129.5119132084 0.0006578772871726587
885823.8198912102 0.0005305259251445172
970987.7294654829 0.0004278271384927408
1.06433937494289e6 0.00034500870128265136
1.1666659327172183e6 0.0002782221912805592
1.2788302590383554e6 0.00022436416076804754
1.4017781659426445e6 0.00018093192496779727
1.5365463966978225e6 0.0001459072668312478
1.6842713680144844e6 0.00011766265416097352
1.846198752741779e6 0.0000946246963282361
2.0236939838521203e6 0.0000754510521737133
2.218253768288655e6 0.00006016253150628765
2.43151870776446e6 0.00004797189824353539
2.6652871329369014e6 0.00003825143263540368
2.9215302676121322e6 0.000030500608736240654
3.202408850850024e6 0.000024320321336676226
3.5102913571334253e6 0.000019392335249243663
3.847773968241102e6 0.000015462898750927998
4.2177024652347565e6 0.000012329677406478135
4.623196225161584e6 9.83849885164881e-6
5.067674524821831e6 7.92137209391541e-6
5.554885373404312e6 6.377816046575668e-6
6.088937117118039e6 5.135036839792273e-6
6.674333082321773e6 4.1344251940570564e-6
7.316009549275706e6 3.328792415429917e-6
8.019377376724244e6 2.6801449838665954e-6
8.790367628304036e6 2.1578927845573187e-6
9.63548158551672e6 1.7374064827368567e-6
1.0561845568994015e7 1.3988560079806412e-6
1.1577271030329803e7 1.1262753710813057e-6
1.2690320421195067e7 9.172541545849482e-7
1.3910379395170202e7 7.574967080022853e-7
1.5247735951126885e7 6.25564092314133e-7
1.6713667185527012e7 5.166100782468675e-7
1.8320534385166727e7 4.2663250053075875e-7
2.0081887262223333e7 3.5232624792532947e-7
2.2012578210555255e7 2.9096185785824784e-7
2.4128887546705782e7 2.402852561421036e-7
2.6448660791692425e7 1.9843495894710856e-7
2.8991459151191197e7 1.6387369564220665e-7
3.1778724463024303e7 1.3533194083302898e-7
3.483396000284881e7 1.1176128138113064e-7
3.818292867266939e7 1.e-7
4.185387024337535e7 1.e-7
4.587773948317277e7 1.e-7
5.028846717990246e7 1.e-7
5.5123246258279316e7 1.e-7
6.042284540470678e7 1.e-7
6.623195284426365e7 1.e-7
7.25995531687267e7 1.e-7
7.957934039318107e7 1.e-7
8.723017072427046e7 1.e-7
9.561655885799967e7 1.e-7
1.0480922199205908e8 1.e-7
1.148856761399934e8 1.e-7
1.2593088977555239e8 1.e-7
1.3803800031901264e8 1.e-7
1.5130909950713935e8 1.e-7
1.6585609426934108e8 1.e-7
1.818016503692338e8 1.e-7
1.9928022676877123e8 1.e-7
2.1843920943708658e8 1.e-7
2.3944015416474125e8 1.e-7
2.6246014886328158e8 1.e-7
2.876933068375018e8 1.e-7
3.1535240362228024e8 1.e-7
3.456706711863825e8 1.e-7
3.7890376463267446e8 1.e-7
4.1533191797866637e8 1.e-7
4.552623071957768e8 1.e-7
4.990316404333462e8 1.e-7
5.470089972691411e8 1.e-7
5.995989409279885e8 1.e-7
6.572449297119585e8 1.e-7
7.204330564085418e8 1.e-7
7.896961472089536e8 1.e-7
8.656182547001655e8 1.e-7
9.488395828172848e8 1.e-7
1.0400618852853581e9 1.e-7
1.140054383072295e9 1.e-7
1.249660250751094e9 1.e-7
1.3698037264668431e9 1.e-7
1.5014979054624517e9 1.e-7
1.6458532828810287e9 1.e-7
1.8040871178810976e9 1.e-7
1.977533698026356e9 1.e-7
2.1676555905032153e9 1.e-7
2.3760559750406847e9 1.e-7
2.6044921625284204e9 1.e-7
2.854890413327003e9 1.e-7
3.1293621802240644e9 1.e-7
3.430221913003081e9 1.e-7
3.760006574759584e9 1.e-7
4.121497034533871e9 1.e-7
4.517741516650858e9 1.e-7
4.952081304500831e9 1.e-7
5.428178915505173e9 1.e-7
5.950048984849006e9 1.e-7
6.522092118403958e9 1.e-7
7.149132000301761e9 1.e-7
7.836456068063933e9 1.e-7
8.589860098275387e9 1.e-7
9.415697078765484e9 1.e-7
1.0320930779404993e10 1.e-7
1.131319447324825e10 1.e-7
1.2400855303179623e10 1.e-7
1.3593084836828094e10 1.e-7
1.4899936404695444e10 1.e-7
1.633242987364254e10 1.e-7
1.790264457057618e10 1.e-7
1.9623821139903595e10 1.e-7
2.151047319365584e10 1.e-7
2.357850969575549e10 1.e-7
2.584536911241928e10 1.e-7
2.8330166459903168e10 1.e-7
3.1053854489551704e10 1.e-7
3.4039400369324574e10 1.e-7
3.731197935164604e10 1.e-7
4.08991870606587e10 1.e-7
4.48312721889666e10 1.e-7
4.914139156605624e10 1.e-7
5.3865889749227264e10 1.e-7
5.90446054946499e10 1.e-7
6.472120769283013e10 1.e-7
7.094356360121687e10 1.e-7
7.776414247902673e10 1.e-7
8.524045802788858e10 1.e-7
9.343555336913647e10 1.e-7
1.0241853264726013e11 1.e-7
1.1226514374219768e11 1.e-7
1.230584170041175e11 1.e-7
1.3488936539674385e11 1.e-7
1.4785775195310208e11 1.e-7
1.6207293101515915e11 1.e-7
1.776547703510079e11 1.e-7
1.9473466192523752e11 1.e-7
2.1345662984569138e11 1.e-7
2.3397854482923795e11 1.e-7
2.564734554273791e11 1.e-7
2.811310472371157e11 1.e-7
3.0815924240166125e11 1.e-7
3.377859528886223e11 1.e-7
3.702610023299418e11 1.e-7
4.0585823262928064e11 1.e-7
4.448778131005531e11 1.e-7
4.876487716091512e11 1.e-7
5.3453176905939844e11 1.e-7
5.859221406237354e11 1.e-7
6.422532293584834e11 1.e-7
7.040000403164336e11 1.e-7
7.716832459691726e11 1.e-7
8.458735767143647e11 1.e-7
9.271966334903922e11 1.e-7
1.0163381630801536e12 1.e-7
1.1140498405873904e12 1.e-7
1.22115560784557e12 1.e-7
1.3385586212071277e12 1.e-7
1.467248867299573e12 1.e-7
1.608311510967254e12 1.e-7
1.762936045791905e12 1.e-7
1.932426324352582e12 1.e-7
2.1182115528039043e12 1.e-7
2.3218583424830645e12 1.e-7
2.5450839201693574e12 1.e-7
2.789770608390118e12 1.e-7
3.057981697876369e12 1.e-7
3.3519788460109883e12 1.e-7
3.6742411479793643e12 1.e-7