#Columns: M_EDO [M_sun], f_EDO
7.771627328480432e6 0.9999999999999998
8.409142423065055e6 0.7654877727443038
9.098953578518916e6 0.5859715302210349
9.845350697944969e6 0.4485540415604715
1.065297558989233e7 0.34336263422958124
1.1526850835545136e7 0.2628398981200192
1.2472411023918482e7 0.20120072820023321
1.349553654931168e7 0.1540166973045286
1.460259018120359e7 0.11789789858507721
1.5800456634016471e7 0.08883234929833789
1.7096585382830884e7 0.06525378093803232
1.849903699132054e7 0.047933618330956135
2.0016533240018312e7 0.03521070707733702
2.165851136665883e7 0.025864809210227248
2.3435182755915653e7 0.01899957174992498
2.5357596443521895e7 0.013956558648722224
2.743770782970328e7 0.010252101040961218
2.968845302924937e7 0.007485242081134805
3.212382932060247e7 0.005462191127516367
3.47589821942734e7 0.003985914094710891
3.761029954193374e7 0.002908633330382754
4.069551357194309e7 0.0021225113360670927
4.403381108511783e7 0.0015488560640060064
4.764595279654229e7 0.0011302437194297026
5.155440244547846e7 0.0008138056813881604
5.5783466496303104e7 0.0005809990322764693
6.0359445299265385e7 0.00041479174110752915
6.531079665112704e7 0.0002961316266171407
7.066831277286078e7 0.0002114167944828491
7.646531180502294e7 0.00015093646531442816
8.273784501170121e7 0.00010775783739102014
8.952492098162888e7 0.00007605529313478095
9.686874822076175e7 0.00005350481997869136
1.0481499764498985e8 0.00003764058546035627
1.134130866054133e8 0.000026480112901279536
1.2271648621252252e8 0.000018628732010638443
1.3278305387051722e8 0.000013105293682770364
1.436753930897795e8 9.335095172989398e-6
1.5546124281515783e8 6.930916911243381e-6
1.6821389869127625e8 5.145915316380904e-6
1.8201266888469794e8 3.820626445601566e-6
1.9694336729767963e8 2.8366550048662963e-6
2.1309884724079004e8 2.1060974505624742e-6
2.305795788832773e8 1.5636890857916699e-6
2.4949427407232174e8 1.1609736084961196e-6
2.6996056240689605e8 8.857862349736992e-7
2.9210572277070385e8 6.945895360883481e-7
3.160674748735658e8 5.446625885507825e-7
3.419948357238116e8 4.2709732864317975e-7
3.700490463580404e8 3.3490849558714055e-7
4.004045745915363e8 2.626185950934608e-7
4.332502000253989e8 2.0593244840789028e-7
4.6879018805799603e8 1.614819898498663e-7
5.0724556020185983e8 1.2662614972761723e-7
5.488554686060688e8 1.e-7
5.938786833322055e8 1.e-7
6.425952016331867e8 1.e-7
6.953079892429996e8 1.e-7
7.523448645063386e8 1.e-7
8.140605370654595e8 1.e-7
8.808388137827464e8 1.e-7
9.530949856175214e8 1.e-7
1.0312784103009704e9 1.e-7
1.1158753068707206e9 1.e-7
1.2074117794441462e9 1.e-7
1.3064570890351079e9 1.e-7
1.413627193761401e9 1.e-7
1.5295885794592927e9 1.e-7
1.655062404527564e9 1.e-7
1.7908289847776427e9 1.e-7
1.9377326461809018e9 1.e-7
2.0966869756921282e9 1.e-7
2.2686805028037877e9 1.e-7
2.454782847164405e9 1.e-7
2.6561513704928026e9 1.e-7
2.8740383741561513e9 1.e-7
3.1097988871732173e9 1.e-7
3.3648990930760436e9 1.e-7
3.6409254480363154e9 1.e-7
3.9395945469616084e9 1.e-7
4.262763798918312e9 1.e-7
4.612442978271174e9 1.e-7
4.990806723375468e9 1.e-7
5.400208060550549e9 1.e-7
5.843193037439768e9 1.e-7
6.322516556760912e9 1.e-7
6.841159508916518e9 1.e-7
7.402347310010961e9 1.e-7
8.009569960561369e9 1.e-7
8.66660374964655e9 1.e-7
9.377534739471003e9 1.e-7
1.0146784176393421e10 1.e-7
1.097913598644966e10 1.e-7
1.1879766526363552e10 1.e-7
1.2854276775065704e10 1.e-7
1.390872716591779e10 1.e-7
1.5049675276262337e10 1.e-7
1.6284216608687593e10 1.e-7
1.7620028717623837e10 1.e-7
1.9065418955693333e10 1.e-7
2.062937613674499e10 1.e-7
2.23216264368646e10 1.e-7
2.415269388100603e10 1.e-7
2.613396579140703e10 1.e-7
2.827776360481013e10 1.e-7
3.0597419498897766e10 1.e-7
3.310735930447761e10 1.e-7
3.5823192219045334e10 1.e-7
3.876180787964897e10 1.e-7
4.19414813987467e10 1.e-7
4.538198701627086e10 1.e-7
4.9104721074695274e10 1.e-7
5.3132835081881836e10 1.e-7
5.749137968921805e10 1.e-7
6.2207460480438736e10 1.e-7
6.7310406539975334e10 1.e-7
7.283195284915125e10 1.e-7
7.880643764453683e10 1.e-7
8.527101596582614e10 1.e-7
9.226589072127968e10 1.e-7
9.983456270771837e10 1.e-7
1.0802410113993114e11 1.e-7
1.1688543637190598e11 1.e-7
1.2647367663030377e11 1.e-7
1.3684845072992577e11 1.e-7
1.480742789025057e11 1.e-7
1.6022097404499377e11 1.e-7
1.7336407588267627e11 1.e-7
1.875853207471711e11 1.e-7
2.029731498908265e11 1.e-7
2.1962325949870578e11 1.e-7
2.376391958186576e11 1.e-7
2.5713299911055673e11 1.e-7
2.782259004194061e11 1.e-7
3.0104907550549854e11 1.e-7
3.2574446062029504e11 1.e-7
3.5246563520129095e11 1.e-7
3.8137877697530804e11 1.e-7
4.126636954099548e11 1.e-7
4.465149499402407e11 1.e-7
4.831430599245443e11 1.e-7
5.227758138545922e11 1.e-7
5.656596859613661e11 1.e-7
6.120613690267428e11 1.e-7
6.622694329333496e11 1.e-7
7.165961192670808e11 1.e-7
7.753792831328206e11 1.e-7
8.389844942594368e11 1.e-7
9.078073104607146e11 1.e-7
9.822757375907806e11 1.e-7
1.062852891292365e12 1.e-7
1.1500398770911655e12 1.e-7
1.2443789067475474e12 1.e-7
1.3464566702459402e12 1.e-7
1.456907984392237e12 1.e-7
1.5764197407096255e12 1.e-7
1.7057351771846355e12 1.e-7
1.8456585004291902e12 1.e-7
1.9970598870036665e12 1.e-7
2.160880895003961e12 1.e-7
2.338140319566965e12 1.e-7
2.52994052870956e12 1.e-7
2.7374743189034224e12 1.e-7
2.9620323330201294e12 1.e-7
3.205011086778419e12 1.e-7
3.4679216536097056e12 1.e-7
3.7523990619526167e12 1.e-7
4.060212463417882e12 1.e-7
4.3932761350589194e12 1.e-7
4.753661384170715e12 1.e-7
5.143609429652383e12 1.e-7
5.565545340041997e12 1.e-7
6.022093114903667e12 1.e-7
6.516092003357302e12 1.e-7
7.0506141612352295e12 1.e-7
7.6289837566747e12 1.e-7
8.254797642963043e12 1.e-7
8.931947727198938e12 1.e-7
9.664645173879455e12 1.e-7
1.0457446593933818e13 1.e-7
1.1315282382072273e13 1.e-7
1.2243487378678691e13 1.e-7
1.3247834046931783e13 1.e-7
1.4334568371481861e13 1.e-7
1.551044870193536e13 1.e-7
1.6782787782712883e13 1.e-7
1.815949823066251e13 1.e-7
1.9649141743251492e13 1.e-7
2.126098234335975e13 1.e-7
2.3005043991802074e13 1.e-7
2.4892172925868543e13 1.e-7
2.6934105111563652e13 1.e-7
2.914353922902642e13 1.e-7
3.1534215645024387e13 1.e-7
3.412100186364772e13 1.e-7
3.691998498661725e13 1.e-7
3.994857175821278e13 1.e-7
4.322559681699636e13 1.e-7
4.677143982754282e13 1.e-7
5.0608152220614445e13 1.e-7
5.4759594329970766e13 1.e-7