#Columns: M [M_sun], f_EDO
3.981071705534969e-8 1.4738917618137322
5.0118723362727144e-8 1.1722293033138937
6.30957344480193e-8 0.9326114846103367
7.943282347242805e-8 0.7422777819205766
1.e-7 0.5910922296649342
1.2589254117941662e-7 0.4710036429266023
1.584893192461111e-7 0.3756168618350904
1.9952623149688787e-7 0.2998521849190591
2.511886431509577e-7 0.23967485476180084
3.162277660168379e-7 0.19188018967001957
3.981071705534969e-7 0.1539229181482849
5.011872336272714e-7 0.12378162647298413
6.30957344480193e-7 0.09985109877962645
7.943282347242805e-7 0.08085681311927134
1.e-6 0.06578703453051446
1.2589254117941661e-6 0.053838879335860776
1.584893192461111e-6 0.044375462675598325
1.9952623149688787e-6 0.03689181625134136
2.511886431509577e-6 0.030987726596255483
3.162277660168379e-6 0.02634595808452159
3.981071705534969e-6 0.02271461512883212
5.011872336272715e-6 0.01989257963787567
6.30957344480193e-6 0.01771720055594878
7.943282347242822e-6 0.016053854632057933
0.00001 0.014787891060679789
0.000012589254117941661 0.013820837430853376
0.000015848931924611107 0.013073273051986136
0.000019952623149688786 0.012493275303826117
0.000025118864315095822 0.012061876099411227
0.000031622776601683795 0.011786706925237546
0.000039810717055349695 0.01168873398298161
0.00005011872336272715 0.011793614602691259
0.00006309573444801929 0.012128863533849052
0.00007943282347242822 0.01272425422128583
0.0001 0.013615049289689676
0.0001258925411794166 0.0148413478856563
0.00015848931924611126 0.016439110145284257
0.00019952623149688788 0.018436132331487082
0.00025118864315095795 0.02086992412536106
0.00031622776601683794 0.023826171601599302
0.0003981071705534969 0.027481579073981834
0.0005011872336272725 0.03212990887969162
0.000630957344480193 0.03816966741839226
0.0007943282347242806 0.0460541684122198
0.001 0.056200140673222404
0.0012589254117941662 0.06886602855214165
0.001584893192461114 0.0841203867930644
0.001995262314968879 0.10203777272750296
0.002511886431509582 0.12297610308957437
0.0031622776601683794 0.14765001119031843
0.003981071705534969 0.17695941183095654
0.005011872336272725 0.21175818471414365
0.00630957344480193 0.2527201444098102
0.00794328234724282 0.30018074831362823
0.01 0.35411554064427037
0.012589254117941661 0.4143040277140891
0.01584893192461114 0.4805146835845165
0.01995262314968879 0.5528515854265579
0.025118864315095822 0.6318695731578526
0.03162277660168379 0.7183431358505676
0.03981071705534969 0.8126550138629154
0.05011872336272725 0.9144801026752468
0.0630957344480193 1.0227349614527277
0.07943282347242822 1.1362934533860707
0.1 1.2535523908898856