#Columns: M [M_sun], f_EDO
6.30957344480193e-8 1.4653980728141462
7.943282347242805e-8 0.5195838493219304
1.e-7 0.2913586153953751
1.2589254117941662e-7 0.20838703442208445
1.584893192461114e-7 0.17158266770596278
1.9952623149688787e-7 0.15387586094999847
2.5118864315095823e-7 0.14857157892993028
3.162277660168379e-7 0.1494099516241026
3.981071705534969e-7 0.15464724156082343
5.011872336272725e-7 0.16197572814794106
6.30957344480193e-7 0.1687469775986854
7.943282347242822e-7 0.17223924892504427
1.e-6 0.1700672503523723
1.2589254117941661e-6 0.15883989338938792
1.584893192461114e-6 0.08954442906955748
1.9952623149688787e-6 0.039818057141263165
2.5118864315095823e-6 0.01851071324953287
3.162277660168379e-6 0.013570809023987752
3.981071705534969e-6 0.015596053853936268
5.011872336272725e-6 0.015845880815932054
6.30957344480193e-6 0.015429619051560019
7.943282347242822e-6 0.014749344126501803
0.00001 0.014030604266158488
0.000012589254117941661 0.013356512741696577
0.00001584893192461114 0.012776060784235582
0.000019952623149688786 0.012293175643139045
0.000025118864315095822 0.011917892317770703
0.000031622776601683795 0.011678882269702585
0.000039810717055349695 0.01159997890295423
0.00005011872336272725 0.011719263941125825
0.00006309573444801929 0.012062215767761151
0.00007943282347242822 0.012664016389471903
0.0001 0.01355864838418327
0.00012589254117941674 0.014787487957177629
0.00015848931924611142 0.016386460125548095
0.00019952623149688788 0.01838266679532632
0.00025118864315095795 0.02081426887325232
0.00031622776601683794 0.023768336777245228
0.00039810717055349735 0.02742363707027294
0.0005011872336272725 0.03207470572485037
0.000630957344480193 0.0381204646102021
0.0007943282347242822 0.04601148884131331
0.001 0.05615980180274554
0.0012589254117941662 0.06881683735798474
0.001584893192461114 0.08404755021895151
0.001995262314968879 0.10193037218279327
0.002511886431509582 0.12283038664029279
0.0031622776601683794 0.14746565278216175
0.003981071705534978 0.17673226911678533
0.005011872336272725 0.2114757523073295
0.00630957344480193 0.2523594911490227
0.00794328234724282 0.29970690989257726
0.01 0.35348622420548215
0.012589254117941687 0.4134756079929124
0.01584893192461114 0.47944797429102776
0.01995262314968879 0.5515196547430878
0.025118864315095822 0.6302527469745302
0.03162277660168379 0.7164137926587153
0.039810717055349776 0.8103676308162494
0.05011872336272725 0.9117704075810185
0.0630957344480193 1.019545695545228
0.07943282347242822 1.1326947179536986
0.1 1.2496194958768247