#Columns: M [M_sun], f_EDO
4.677351412871981e-6 1.5926136994057292
5.888436553555884e-6 0.04338694743501769
7.413102413009177e-6 0.016846291984306955
9.332543007969906e-6 0.0111143048718256
0.000011748975549395302 0.009199173166768599
0.000014791083881682072 0.008493650402490695
0.000018620871366628657 0.008464084204409009
0.00002344228815319923 0.008890582497482027
0.00002951209226666384 0.009652821679745356
0.00003715352290971728 0.010760041993674493
0.00004677351412871981 0.01215663835601613
0.00005888436553555884 0.013822137057304602
0.00007413102413009176 0.015715711591876576
0.00009332543007969905 0.017756712687560676
0.00011748975549395303 0.019909619238300844
0.00014791083881682073 0.020932087975810688
0.00018620871366628676 0.020788735110327125
0.00023442288153199226 0.021006363531674923
0.0002951209226666384 0.02235422367060702
0.0003715352290971728 0.02565901980968029
0.00046773514128719813 0.02988854681212601
0.0005888436553555889 0.03537476402707557
0.0007413102413009177 0.04255216590377287
0.0009332543007969915 0.051880728461235384
0.0011748975549395304 0.06368026337857541
0.0014791083881682072 0.0781209288097807
0.0018620871366628676 0.09545223765122572
0.0023442288153199225 0.11525975587889783
0.002951209226666387 0.13900357606011401
0.003715352290971728 0.16684330141861195
0.004677351412871981 0.19994920833279967
0.00588843655355589 0.23904820436307309
0.007413102413009177 0.28457018744654256
0.009332543007969915 0.33649390295574033
0.011748975549395304 0.39472462809742354
0.014791083881682071 0.45892984756144206
0.018620871366628676 0.5291749133937925
0.023442288153199226 0.6058387661537668
0.02951209226666387 0.6897102669364089
0.037153522909717275 0.7813494389446622
0.046773514128719815 0.8805802031937872
0.05888436553555896 0.9865882650108637
0.07413102413009177 1.0981667908458839
0.09332543007969905 1.2139247738156702