#Columns: M [M_sun], f_EDO
0.0004570881896148752 1.0571042909378878
0.0005754399373371572 0.08189621357620533
0.0007244359600749906 0.06748701744371416
0.0009120108393559096 0.06881629021613589
0.0011481536214968829 0.07436595606591728
0.001445439770745928 0.08324517006526991
0.0018197008586099844 0.09550414192648211
0.0022908676527677745 0.1116465748636643
0.0028840315031266055 0.1323121711735205
0.003630780547701014 0.15862005838922802
0.004570881896148752 0.19159748868965867
0.005754399373371573 0.23268839824880821
0.007244359600749906 0.2834125151142176
0.009120108393559097 0.34558033027853585
0.011481536214968835 0.4210819596792391
0.01445439770745928 0.5094976732730594
0.018197008586099843 0.5921080381796441
0.022908676527677748 0.6340458675833247
0.02884031503126607 0.6310386859186929
0.03630780547701016 0.721906746541342
0.04570881896148752 0.8176837388381939
0.05754399373371572 0.9229539348128777
0.07244359600749906 1.037623101663887
0.09120108393559107 1.1594346207251518