#Columns: M [M_sun], f_PBH
3.162277660168379e-6 1.2873033413052424
3.981071705534969e-6 0.9203539611412216
5.011872336272725e-6 0.6590176781443275
6.30957344480193e-6 0.4696913202428969
7.943282347242822e-6 0.34685265662724113
0.00001 0.2852385243744336
0.000012589254117941661 0.23795957927536385
0.00001584893192461114 0.1921471839527547
0.000019952623149688786 0.14959016395111505
0.000025118864315095822 0.11621602830254307
0.000031622776601683795 0.09158151839296844
0.000039810717055349695 0.0752772220046839
0.00005011872336272725 0.06332690922872361
0.00006309573444801929 0.05473766307443748
0.00007943282347242822 0.0482640707377579
0.0001 0.0427111399273446
0.00012589254117941674 0.03793741898711055
0.00015848931924611142 0.033971214937907196
0.00019952623149688788 0.0307110271630068
0.0002511886431509582 0.028067279677339928
0.00031622776601683794 0.02595512614209418
0.00039810717055349735 0.024267454447842816
0.0005011872336272725 0.02296018032289025
0.0006309573444801936 0.021990759680585302
0.0007943282347242822 0.021311952243014715
0.001 0.020884694972897033
0.0012589254117941675 0.020674863061306538
0.001584893192461114 0.020656260438522464
0.0019952623149688807 0.02081181548604739
0.002511886431509582 0.021132576203759728
0.0031622776601683794 0.02161388236668405
0.003981071705534973 0.022256516726087087
0.005011872336272725 0.023063591842904557
0.006309573444801936 0.024040912641972355
0.00794328234724282 0.025197423790755725
0.01 0.026545324442538407
0.012589254117941675 0.028100540068547734
0.01584893192461114 0.029882685908831186
0.01995262314968881 0.03191526948772449
0.025118864315095822 0.03422538591383303
0.03162277660168379 0.03684357786053619
0.039810717055349776 0.039803825032268224
0.05011872336272725 0.04314426841683145
0.0630957344480193 0.046908887293764
0.07943282347242822 0.05115030863572012
0.1 0.05593344651012797
0.12589254117941687 0.06133911384842697
0.15848931924611143 0.067467720030633
0.19952623149688828 0.07444319290540914
0.25118864315095824 0.08241710936995736
0.31622776601683794 0.09157462760187612
0.39810717055349776 0.10214299970553413
0.5011872336272725 0.11440238941378499
0.6309573444801942 0.1287021198642783
0.7943282347242822 0.1454810833567017
1. 0.16528867683433376
1.2589254117941688 0.18881291829394498
1.584893192461114 0.21691890184319845
1.9952623149688828 0.2506993998032524
2.5118864315095824 0.29156196849688726
3.1622776601683795 0.3413609613237736
3.9810717055349776 0.40257087591706586
5.011872336272725 0.4785522682492455
6.309573444801943 0.573948294085608
7.943282347242821 0.6952455460995189
10. 0.8516796487598789
12.589254117941687 1.056656770787919
15.848931924611142 1.3298707403105197
19.95262314968883 1.7008163016468412
25.11886431509582 2.2146621953223837
31.622776601683793 2.9417652099026372
39.81071705534978 3.994168295410683
50.11872336272725 5.554114548883032
63.09573444801943 7.920676029267279
79.43282347242821 11.58807468542655
100. 17.375213805267627