#Columns: M [M_sun], f_PBH
0.000031622776601683795 0.9032665822769781
0.000039810717055349695 0.5516980396517795
0.00005011872336272725 0.3497456879514125
0.00006309573444801929 0.22752633555875107
0.00007943282347242822 0.15426270988337457
0.0001 0.10816409616772557
0.00012589254117941674 0.07905250512808007
0.00015848931924611142 0.06118127453196689
0.00019952623149688788 0.049340143932680366
0.00025118864315095795 0.040668068051155734
0.00031622776601683794 0.03425759573344095
0.00039810717055349735 0.02943666599323054
0.0005011872336272725 0.025822991909449883
0.000630957344480193 0.023044423418053368
0.0007943282347242822 0.02122375333239699
0.001 0.02072494655698028
0.0012589254117941675 0.02063695511192574
0.001584893192461114 0.02054172548755512
0.001995262314968879 0.020352813955164764
0.002511886431509582 0.020267863208253016
0.0031622776601683794 0.020372284591636813
0.003981071705534973 0.020849300357718797
0.005011872336272725 0.021599224914039112
0.006309573444801936 0.022664581700120017
0.00794328234724282 0.024027420569645585
0.01 0.025571056287126696
0.012589254117941675 0.027287617212397797
0.01584893192461114 0.029215310750092777
0.01995262314968881 0.03137621004110186
0.025118864315095822 0.03380715512608967
0.03162277660168379 0.03652944803454792
0.039810717055349734 0.03956870368916996
0.05011872336272725 0.04296964314260535
0.06309573444801936 0.04678017052953242
0.07943282347242822 0.051052931486069306
0.1 0.05586021956372673
0.12589254117941676 0.061285346028120455
0.15848931924611143 0.06742685650313697
0.19952623149688808 0.07441192392978375
0.25118864315095824 0.0823938689322193
0.31622776601683794 0.09155571537552283
0.39810717055349776 0.10212804751706107
0.5011872336272725 0.11439081355371207
0.630957344480193 0.12869274090786129
0.7943282347242822 0.14547352984663267
1. 0.16528236045715528
1.2589254117941688 0.1888076222913659
1.584893192461114 0.21691413237880894
1.9952623149688828 0.25069557388780345
2.5118864315095824 0.29155825457613277
3.1622776601683795 0.34135753621551185
3.9810717055349776 0.40256836510866073
5.011872336272725 0.4785491851003814
6.309573444801943 0.5739464362358109
7.943282347242821 0.6952439458097633
10. 0.8516782852460162
12.589254117941687 1.0566555355487164
15.848931924611142 1.329869734703371
19.95262314968883 1.7008154083457685
25.11886431509582 2.214661412686946
31.622776601683793 2.9417645462625157