#Columns: M [M_sun], f_PBH
0.0001 50.72797093584608
0.00012589254117941674 29.07621662650625
0.00015848931924611142 17.304754883715606
0.00019952623149688788 10.772408545236393
0.00025118864315095795 6.013027373925447
0.00031622776601683794 3.145130797700643
0.00039810717055349735 1.71890394159675
0.0005011872336272725 1.0014516032112564
0.000630957344480193 0.6313131976166012
0.0007943282347242813 0.4114315066923469
0.001 0.2662070413522515
0.0012589254117941675 0.1839250957393093
0.001584893192461114 0.13659900073834574
0.001995262314968879 0.10768349041391773
0.002511886431509582 0.08641046479214268
0.0031622776601683794 0.07167101333953844
0.003981071705534973 0.061384868885177225
0.005011872336272725 0.05427128695244598
0.00630957344480193 0.04914143574975101
0.00794328234724282 0.04563894117167056
0.01 0.043245537980410344
0.012589254117941675 0.04180652299580993
0.01584893192461114 0.04139348150650544
0.01995262314968881 0.04173679968891223
0.025118864315095822 0.04253135566047792
0.03162277660168379 0.04373224951872579
0.039810717055349734 0.04528295027215224
0.05011872336272725 0.04717641879476898
0.06309573444801936 0.0493527578956201
0.07943282347242822 0.05217634393943051
0.1 0.05656170732246254
0.12589254117941676 0.0618953254949624
0.15848931924611143 0.06773244198249825
0.19952623149688808 0.07389955056263298
0.25118864315095824 0.08091164954656718
0.31622776601683794 0.08895626072270894
0.3981071705534973 0.09875633048141533
0.5011872336272725 0.1104660452664312
0.6309573444801936 0.12459165547245363
0.7943282347242822 0.1415625541732779
1. 0.16167224761492777
1.2589254117941688 0.18546887629282613
1.584893192461114 0.21388780964124338
1.9952623149688788 0.24796237089054946
2.5118864315095824 0.2891534321500291
3.1622776601683795 0.33927486353164293
3.9810717055349776 0.4007057336308471
5.011872336272725 0.4769049505593944
6.309573444801943 0.5724817803068525
7.943282347242821 0.6938848449651914
10. 0.8504076168430568
12.589254117941687 1.0554384278104725
15.848931924611142 1.3286523167132962
19.95262314968883 1.699563261610391
25.11886431509582 2.2133286398123837
31.622776601683793 2.940257461488966