#Columns: M [M_sun], f_PBH
0.01 1.3455041711258588
0.012589254117941675 0.9937586351070586
0.015848931924611134 0.7767307092279201
0.0199526231496888 0.6405613717335817
0.025118864315095794 0.522120538382261
0.03162277660168379 0.4239002087475451
0.039810717055349734 0.3546185696382113
0.05011872336272725 0.30679421338164997
0.06309573444801933 0.2752329527098527
0.07943282347242814 0.2518625168451214
0.1 0.23068687493950343
0.12589254117941676 0.2157757738724044
0.15848931924611143 0.20674567712057856
0.19952623149688797 0.2022138537847123
0.25118864315095807 0.1985655494251845
0.31622776601683794 0.19692284579538513
0.3981071705534973 0.19756387471538556
0.5011872336272725 0.20097796585748828
0.6309573444801934 0.2069573291390668
0.7943282347242817 0.21622630448931904
1. 0.2289832535987842
1.2589254117941675 0.24607597188578326
1.584893192461114 0.2689764486249859
1.9952623149688808 0.2983956640429941
2.5118864315095824 0.3350392046756668
3.1622776601683795 0.38063672540082677
3.981071705534973 0.4375840972801426
5.011872336272725 0.5093832384599736
6.309573444801936 0.6011893567634116
7.943282347242821 0.7205096052930939
10. 0.8756091851248028
12.589254117941675 1.0791324895424108
15.848931924611142 1.3529364617608741
19.952623149688808 1.7328877726151872
25.11886431509582 2.2698280283797017
31.622776601683793 3.0446179634720947