#Columns: M [M_sun], f_PBH
3.162277660168379e-8 13.30719962633477
4.731512589614803e-8 2.251039069417799
7.079457843841373e-8 0.5796243499433293
1.0592537251772897e-7 0.22255811630453398
1.584893192461114e-7 0.14725521361961372
2.3713737056616554e-7 0.12569520940942622
3.548133892335753e-7 0.11733153726719349
5.308844442309879e-7 0.11599192879779222
7.943282347242822e-7 0.12146136017003896
1.1885022274370189e-6 0.13510690356687963
1.778279410038923e-6 0.15975734610342585
2.660725059798814e-6 0.19801735903569698
3.981071705534969e-6 0.25635192080001723
5.956621435290109e-6 0.3495954590822097
8.91250938133746e-6 0.4957034234136064
0.00001333521432163324 0.7162562617806967
0.00001995262314968883 1.0432309564776265
0.00002985382618917957 1.5032802999480577
0.00004466835921509635 2.1428704153645386
0.00006683439175686149 3.07702361142128
0.0001000000000000001 4.472705801165133