#Columns: M_EDO [M_sun], f_EDO
31.622776601683793 1.01
39.810717055349734 1.01
50.11872336272722 1.01
63.09573444801933 1.01
79.43282347242814 0.8386475704870078
100. 0.5958517733776203
125.89254117941675 0.5600039702360099
158.48931924611142 0.4757961380727468
199.52623149688787 0.43621065339677956
251.18864315095797 0.3965911047384283
316.22776601683796 0.3407611620342045
398.1071705534973 0.3034105471349685
501.18723362727246 0.27992419903003357
630.957344480193 0.27125338632720847
794.3282347242822 0.2707242761772256
1000. 0.2706692366337464
1258.9254117941675 0.26996534240259684
1584.893192461114 0.26784677140265634
1995.2623149688789 0.2657282004027157
2511.886431509582 0.2635357063944395
3162.2776601683795 0.26128705879721015
3981.0717055349733 0.2597573869971151
5011.872336272725 0.2603081423072271
6309.573444801937 0.26080927920040375
7943.282347242822 0.2611102349068451
10000. 0.26111101806416726
12589.254117941662 0.26105447605331406
15848.93192461114 0.2617395346933947
19952.62314968883 0.2628772986253607
25118.864315095823 0.263937803297508
31622.776601683792 0.26499830796965534
39810.71705534969 0.26605881264180264
50118.72336272725 0.26711931731395
63095.73444801943 0.2681123119981541
79432.82347242821 0.26839371560148984
100000. 0.2686121733926907
125892.54117941661 0.2688306311838918
158489.3192461114 0.26904908897509267
199526.2314968883 0.269307588893566
251188.6431509582 0.2696049959931581
316227.7660168379 0.26940631592632985
398107.17055349774 0.26795233031814564
501187.2336272725 0.2664983447099614
630957.344480193 0.26510611844801196
794328.2347242822 0.2639215644426086
1.e6 0.26267836046346166
1.2589254117941686e6 0.2613909858896303
1.5848931924611141e6 0.26010361131579895
1.9952623149688828e6 0.2590443805929367
2.5118864315095823e6 0.25901928033953603
3.1622776601683795e6 0.25899418008613534
3.9810717055349774e6 0.25893809032416615
5.011872336272725e6 0.25877984916193586
6.309573444801942e6 0.25867348805879053
7.943282347242822e6 0.25848350711748064
1.e7 0.2582691549152234
1.2589254117941687e7 0.259509434776143
1.5848931924611142e7 0.26089697600981965
1.995262314968883e7 0.2623175279030734
2.5118864315095823e7 0.2637382329189635
3.162277660168379e7 0.2651589379348537
3.9810717055349775e7 0.26657964295074377
5.011872336272725e7 0.26710176340022135
6.309573444801943e7 0.26715224789741787
7.943282347242822e7 0.26721834479389783
1.e8 0.2672844416903778