#Columns: M_EDO [M_sun], f_EDO
31.622776601683793 1.01
39.810717055349734 1.01
50.11872336272722 1.01
63.09573444801933 1.01
79.43282347242814 0.8934340842230506
100. 0.653259314692011
125.89254117941675 0.6015792739172933
158.48931924611142 0.49306628780575196
199.52623149688787 0.45358963436154404
251.18864315095797 0.41204661910563667
316.22776601683796 0.3557544063589433
398.1071705534973 0.31899155489597564
501.18723362727246 0.29225810277208936
630.957344480193 0.27830664342276895
794.3282347242822 0.2690090676010579
1000. 0.26275380051721275
1258.9254117941675 0.2640813181050336
1584.893192461114 0.26441202776718903
1995.2623149688789 0.2647427374293443
2511.886431509582 0.2648304796481236
3162.2776601683795 0.2647336583020331
3981.0717055349733 0.2651125765904605
5011.872336272725 0.26686809425399355
6309.573444801937 0.2685886498453761
7943.282347242822 0.2701681539980774
10000. 0.270440063023641
12589.254117941662 0.27046212292133665
15848.93192461114 0.27097489311003203
19952.62314968883 0.27167176460754455
25118.864315095823 0.2721147031921808
31622.776601683792 0.2725576417768169
39810.71705534969 0.273000580361453
50118.72336272725 0.27344351894608915
63095.73444801943 0.27384178679616317
79432.82347242821 0.27361584350228424
100000. 0.27297580307416747
125892.54117941661 0.2723357626460508
158489.3192461114 0.271695722217934
199526.2314968883 0.2711872907909897
251188.6431509582 0.27080673806565975
316227.7660168379 0.2700979290510603
398107.17055349774 0.26855849597118153
501187.2336272725 0.2670190628913029
630957.344480193 0.26574880510188725
794328.2347242822 0.265559442214682
1.e6 0.26523354512049246
1.2589254117941686e6 0.26476246972925466
1.5848931924611141e6 0.26429139433801685
1.9952623149688828e6 0.26397127962266015
2.5118864315095823e6 0.2643354394733548
3.1622776601683795e6 0.2646995993240495
3.9810717055349774e6 0.2649286928167139
5.011872336272725e6 0.2647104941908305
6.309573444801942e6 0.26466281304795936
7.943282347242822e6 0.2645784809236814
1.e7 0.2644747908510359
1.2589254117941687e7 0.2653336173594105
1.5848931924611142e7 0.2659133786805128
1.995262314968883e7 0.26655516772559157
2.5118864315095823e7 0.2671974600485579
3.162277660168379e7 0.26783975237152413
3.9810717055349775e7 0.26848204469449044
5.011872336272725e7 0.26853103565532466
6.309573444801943e7 0.26827911630022955
7.943282347242822e7 0.26803819773604853
1.e8 0.2677972791718676