#Columns: M_EDO [M_sun], f_EDO
31.622776601683793 1.01
39.810717055349734 1.01
50.11872336272722 1.01
63.09573444801933 1.01
79.43282347242814 1.01
100. 1.01
125.89254117941675 1.01
158.48931924611142 1.01
199.52623149688787 0.976578504439883
251.18864315095797 0.8939991465965547
316.22776601683796 0.8036963376208768
398.1071705534973 0.7256760966674046
501.18723362727246 0.6494632072983579
630.957344480193 0.5786148809057887
794.3282347242822 0.506242516833242
1000. 0.4379565582935907
1258.9254117941675 0.39842954958186083
1584.893192461114 0.38320996542945607
1995.2623149688789 0.3650850452538872
2511.886431509582 0.32692915881674506
3162.2776601683795 0.31147712645340675
3981.0717055349733 0.3005461014820049
5011.872336272725 0.2989514957145256
6309.573444801937 0.29735688994704634
7943.282347242822 0.29566913965232383
10000. 0.29449982815829656
12589.254117941662 0.29450072437163555
15848.93192461114 0.2938006134322966
19952.62314968883 0.2910172516207721
25118.864315095823 0.28781244250461696
31622.776601683792 0.2846076333884619
39810.71705534969 0.2815926270337763
50118.72336272725 0.2787218541902763
63095.73444801943 0.2758510813467763
79432.82347242821 0.27269963283171045
100000. 0.26888347284939335
125892.54117941661 0.26779466164685406
158489.3192461114 0.2672906797117246
199526.2314968883 0.266822986413584
251188.6431509582 0.266567530802573
316227.7660168379 0.26631207519156197
398107.17055349774 0.266056619580551
501187.2336272725 0.26571242041864396
630957.344480193 0.26514805714509176
794328.2347242822 0.2662819644513065
1.e6 0.2672147370020721
1.2589254117941686e6 0.26790656007807756
1.5848931924611141e6 0.26859838315408296
1.9952623149688828e6 0.2692902062300884
2.5118864315095823e6 0.26998202930609383
3.1622776601683795e6 0.2706740057058798
3.9810717055349774e6 0.271035592666636
5.011872336272725e6 0.2706049383100085
6.309573444801942e6 0.27045728836109595
7.943282347242822e6 0.2703566836306991
1.e7 0.2702578142505918
1.2589254117941687e7 0.27020979351217445
1.5848931924611142e7 0.2695015718860726
1.995262314968883e7 0.2689251285780685
2.5118864315095823e7 0.26783717717105465
3.162277660168379e7 0.26663694342025196
3.9810717055349775e7 0.2654844607681599
5.011872336272725e7 0.2643319781160679
6.309573444801943e7 0.2631794954639758
7.943282347242822e7 0.26202701281188373
1.e8 0.2608745301597917