#Columns: M_EDO [M_sun], f_EDO
31.622776601683793 1.01
39.810717055349734 1.01
50.11872336272722 1.01
63.09573444801933 1.01
79.43282347242814 1.01
100. 1.01
125.89254117941675 1.01
158.48931924611142 1.01
199.52623149688787 1.01
251.18864315095797 1.01
316.22776601683796 1.01
398.1071705534973 1.01
501.18723362727246 1.01
630.957344480193 1.01
794.3282347242822 1.01
1000. 1.01
1258.9254117941675 1.01
1584.893192461114 1.01
1995.2623149688789 1.01
2511.886431509582 1.01
3162.2776601683795 1.01
3981.0717055349733 1.01
5011.872336272725 1.01
6309.573444801937 1.01
7943.282347242822 1.01
10000. 1.01
12589.254117941662 1.01
15848.93192461114 1.01
19952.62314968883 1.01
25118.864315095823 1.01
31622.776601683792 1.01
39810.71705534969 1.01
50118.72336272725 1.01
63095.73444801943 1.01
79432.82347242821 1.01
100000. 0.9441382363921503
125892.54117941661 0.8209769455105256
158489.3192461114 0.7019910734245585
199526.2314968883 0.5726226790913427
251188.6431509582 0.5013807335974598
316227.7660168379 0.4331622667613624
398107.17055349774 0.41728444592245945
501187.2336272725 0.4014491800085771
630957.344480193 0.38749117454689985
794328.2347242822 0.36235109105518337
1.e6 0.338202794727354
1.2589254117941686e6 0.3360686627327163
1.5848931924611141e6 0.33301377459024395
1.9952623149688828e6 0.3298708450015636
2.5118864315095823e6 0.32353233113046037
3.1622776601683795e6 0.31266081586661054
3.9810717055349774e6 0.30179382472645444
5.011872336272725e6 0.2910459200013318
6.309573444801942e6 0.280298015276209
7.943282347242822e6 0.2747106361177373
1.e7 0.27000140917165405
1.2589254117941687e7 0.26524133358388086
1.5848931924611142e7 0.2613477942062246
1.995262314968883e7 0.26160222050384896
2.5118864315095823e7 0.26236899018058435
3.162277660168379e7 0.2632480422011086
3.9810717055349775e7 0.26407934312292203
5.011872336272725e7 0.2649106440447357
6.309573444801943e7 0.26574194496654924
7.943282347242822e7 0.2665732458883628
1.e8 0.2674045468101764