#Columns: M [M_sun], f_EDO
2.754228703338169e-6 1.011050819689901
3.467368504525317e-6 0.8148048565375254
4.365158322401665e-6 0.6543424843166439
5.4954087385762485e-6 0.524857680667865
6.918309709189377e-6 0.42116945103291237
8.709635899560814e-6 0.33840414160682314
0.000010964781961431874 0.2724461542094258
0.000013803842646028866 0.2200256602997637
0.000017378008287493764 0.17834899928558412
0.000021877616239495563 0.14523542386674118
0.00002754228703338169 0.11892824453786376
0.000034673685045253235 0.09803063336631977
0.000043651583224016654 0.08143031633904015
0.00005495408738576248 0.06824398003239497
0.00006918309709189376 0.05776445175727181
0.00008709635899560814 0.04943180149294179
0.00010964781961431862 0.042800981497196904
0.00013803842646028865 0.03752010356871317
0.00017378008287493763 0.03331328842114289
0.00021877616239495564 0.02996688353822588
0.0002754228703338169 0.027317546367331958
0.000346736850452532 0.025240929958517316
0.00043651583224016654 0.023641056971617887
0.0005495408738576254 0.0224413694957642
0.0006918309709189376 0.02157859622967218
0.0008709635899560814 0.020999776447745245
0.0010964781961431862 0.020661676261816718
0.0013803842646028866 0.020531099610409408
0.001737800828749378 0.02058476189911077
0.0021877616239495564 0.020808207500638578
0.002754228703338169 0.021194027357625465
0.00346736850452532 0.021739948818564808
0.004365158322401665 0.022447342536810872
0.005495408738576254 0.02332046069022822
0.006918309709189377 0.024366363051505347
0.008709635899560815 0.025595218206617844
0.010964781961431863 0.02702118029433327
0.013803842646028866 0.02866507580470019
0.017378008287493783 0.03054664390871189
0.021877616239495565 0.032689928983604365
0.02754228703338169 0.035123224210837654
0.034673685045253234 0.037877882012946944
0.04365158322401665 0.04098903622677783
0.05495408738576248 0.04449752400521787
0.06918309709189377 0.048449443166610776
0.08709635899560814 0.05290232989575444
0.10964781961431873 0.057927077742315425
0.13803842646028866 0.06361164214892778
0.17378008287493799 0.07006553240428917
0.21877616239495562 0.07742315864040704
0.2754228703338169 0.0858486561038099
0.3467368504525324 0.09554291406666238
0.43651583224016655 0.10675286267646875
0.549540873857626 0.11978387856480248
0.6918309709189376 0.13501911799410615
0.8709635899560815 0.152938193007927
1.0964781961431873 0.17414236632614535
1.3803842646028865 0.19938627158849495
1.7378008287493798 0.22961680996432718
2.1877616239495565 0.26604044518625386
2.754228703338169 0.3102276284819059
3.4673685045253237 0.3642524095902359
4.3651583224016655 0.4309067795079823
5.495408738576259 0.5140143957582454
6.918309709189376 0.6188650721611694
8.709635899560814 0.7529144408450477
10.964781961431873 0.9268780245969509
13.803842646028867 1.15634145618675