#Columns: M [M_sun], f_EDO
1.584893192461114e-6 1.0897982945898834
1.9952623149688787e-6 0.704379955017018
2.5118864315095823e-6 0.5302665398603441
3.162277660168379e-6 0.44684360099587
3.981071705534978e-6 0.4072507968239333
5.011872336272725e-6 0.39136153406551893
6.309573444801943e-6 0.391791785252859
7.943282347242822e-6 0.4012721610176612
0.00001 0.4147023219013319
0.000012589254117941688 0.42611382821886135
0.00001584893192461114 0.4289774203088935
0.00001995262314968883 0.4178736699195081
0.000025118864315095822 0.31876336456555737
0.000031622776601683795 0.15466231644258113
0.000039810717055349776 0.07031381355999963
0.00005011872336272725 0.03638285641750431
0.00006309573444801943 0.038931211900911505
0.00007943282347242822 0.038075501158163765
0.0001 0.0364378393551957
0.00012589254117941688 0.03432718047666117
0.00015848931924611142 0.031983497774913605
0.0001995262314968881 0.029589234270099095
0.0002511886431509582 0.027396990759606707
0.00031622776601683826 0.025512693994629985
0.00039810717055349773 0.023944840916505276
0.0005011872336272725 0.022725690331089232
0.0006309573444801936 0.021799981298085903
0.0007943282347242822 0.0211453117535077
0.001000000000000001 0.020736974545737405
0.0012589254117941688 0.020540168480327463
0.001584893192461114 0.02052919056982466
0.0019952623149688807 0.020691446451781868
0.002511886431509582 0.02101342889536214
0.0031622776601683824 0.02149880321773768
0.003981071705534978 0.022142076652929582
0.005011872336272725 0.022948821541077396
0.006309573444801936 0.023925379814047635
0.00794328234724282 0.025079908224459883
0.01000000000000001 0.02642517150932286
0.012589254117941687 0.02797690364549576
0.01584893192461114 0.029754680091148445
0.01995262314968883 0.0317820927164792
0.025118864315095822 0.034086069789842605
0.03162277660168379 0.03669712771081856
0.039810717055349776 0.03964914906621808
0.05011872336272725 0.0429801478000219
0.06309573444801943 0.04673400982283871
0.07943282347242822 0.050963403445941684
0.1000000000000002 0.05573309743426536
0.12589254117941687 0.06112398151541276
0.15848931924611143 0.06723638788887823
0.19952623149688828 0.07419417376548161
0.25118864315095824 0.08214879296896942
0.3162277660168386 0.09128526638679839
0.39810717055349776 0.10183070208003626
0.5011872336272725 0.114065171576583
0.6309573444801942 0.12833794056910244
0.7943282347242822 0.1450878605236913
1.000000000000002 0.16486427628563638
1.2589254117941688 0.18836316998124017
1.584893192461114 0.2164516659294184
1.9952623149688828 0.2502199099517895
2.5118864315095824 0.29107518637976837
3.1622776601683857 0.3408719608541656
3.9810717055349776 0.4020864217613319
5.011872336272725 0.4780802702919226
6.309573444801943 0.5734979508341875
7.943282347242821 0.6948279910386607
10.000000000000021 0.8513175486886551
12.589254117941687 1.056376348149446
15.848931924611142 1.329711431320553