#Columns: M [M_sun], f_EDO
0.00007943282347242822 6.3964391833921175
0.0001000000000000001 0.14414795646175535
0.00012589254117941688 0.04793809613139202
0.00015848931924611142 0.028060067374122803
0.0001995262314968881 0.021151389027276285
0.0002511886431509582 0.018132496064638546
0.00031622776601683826 0.0170076841485621
0.00039810717055349773 0.01696829082060644
0.0005011872336272725 0.01766409204669989
0.0006309573444801936 0.01899577394564188
0.0007943282347242822 0.020850350912993566
0.001000000000000001 0.02315140582137623
0.0012589254117941688 0.02580371933086302
0.001584893192461114 0.028633098497899162
0.001995262314968883 0.03145805411358932
0.002511886431509582 0.03179254548492471
0.0031622776601683824 0.027623054319326955
0.003981071705534978 0.022940100839286062
0.005011872336272725 0.0193687952237728
0.006309573444801942 0.021013605687397265
0.00794328234724282 0.022520560270528317
0.01000000000000001 0.024263022498108938
0.012589254117941687 0.026231274234966427
0.01584893192461116 0.02839348145893703
0.01995262314968883 0.030745058883701694
0.025118864315095822 0.0333309007234622
0.031622776601683826 0.03614150731998917
0.039810717055349776 0.039216761643549244
0.050118723362727303 0.04268682021905138
0.06309573444801943 0.046518487685667305
0.07943282347242822 0.05079259571978014
0.1000000000000001 0.055601130843588094
0.12589254117941687 0.061033156428024364
0.15848931924611157 0.06716277696053546
0.19952623149688828 0.0741422774147751
0.25118864315095824 0.08210594682646331
0.3162277660168383 0.09125366651091989
0.39810717055349776 0.10180374988766283
0.501187233627273 0.11404453572206064
0.6309573444801942 0.12832072771853173
0.7943282347242822 0.14507316268861747
1.000000000000002 0.16485273153180455
1.2589254117941688 0.1883455189237987
1.584893192461114 0.2164157706211216
1.9952623149688828 0.2501608001424438
2.5118864315095824 0.2909860538925421
3.1622776601683857 0.3407496564719856
3.9810717055349776 0.40193091929829744
5.011872336272735 0.47789639879220774
6.309573444801943 0.5732997344437221
7.943282347242821 0.6946533353519546
10.000000000000021 0.851212310457846
12.589254117941687 1.056447990833187
15.848931924611174 1.3301287301087694