#Columns: M [M_sun], f_EDO
0.00776247116628692 3.2397998949356994
0.009772372209558112 0.09467144838632256
0.012302687708123818 0.04908324630537776
0.01548816618912482 0.03690611320753531
0.019498445997580455 0.03257113366900943
0.02454708915685031 0.03142763501409832
0.03090295432513592 0.03229797469434733
0.03890451449942809 0.034614718721401976
0.04897788193684464 0.038265680618562656
0.06165950018614822 0.04329705918969715
0.07762471166286919 0.04976842870100669
0.09772372209558111 0.05777880891177194
0.12302687708123825 0.0674020853498215
0.1548816618912482 0.07862320011276935
0.19498445997580466 0.09134413372809201
0.2454708915685031 0.1026730687199239
0.30902954325135923 0.10660925089281582
0.3890451449942809 0.10755082206407542
0.48977881936844636 0.10805728342795808
0.6165950018614825 0.12169013249959576
0.776247116628692 0.1376832007209651
0.9772372209558111 0.1570076205919117
1.2302687708123823 0.18045656868221338
1.5488166189124828 0.20850203099145453
1.9498445997580476 0.24220974805464957
2.454708915685031 0.2827902194760836
3.090295432513592 0.33215350859104226
3.890451449942809 0.39237263920867593
4.897788193684466 0.46712576523645316
6.165950018614828 0.5605377819340074
7.76247116628692 0.6791299323164361
9.772372209558112 0.8318546906232305
12.302687708123823 1.0322907824750371
15.488166189124827 1.2972959006994207