#Columns: M_EDO [M_sun], f_EDO
262.8648562379946 1.
285.09035640194026 0.8187224827411136
309.19504598894935 0.6702691544754753
335.3378124419009 0.5487004211892555
363.69097730413995 0.4491329786789414
394.44143208680697 0.3675894121876595
427.79187017494394 0.3008196671492638
463.962122892559 0.24614637471329562
503.1906085333971 0.20136900396103652
545.7359039087871 0.16471328392793708
591.8784487715135 0.13470980200830532
641.9223943505184 0.11014225041684454
696.1976081811592 0.09003644098046
755.0618484459725 0.07358662809639935
818.9031221582376 0.060126066465357085
888.1422427324424 0.04911239743832291
963.2356038000212 0.04010673683778308
1044.6781875541337 0.032744245671281515
1133.0068274531588 0.02672162710660539
1228.8037467892018 0.021800693106151202
1332.7003964462924 0.017780949078280706
1445.381617145076 0.014496042048946122
1567.5901536096726 0.01181336572247294
1700.1315504120932 0.00963627391776597
1843.8794617654537 0.007880074993033942
1999.7814102657899 0.006440215150025138
2168.8650325415524 0.005259327799574234
2352.2448529793396 0.004291085393502206
2551.1296301752654 0.003494476793229003
2766.8303245365205 0.0028413237060772
3000.7687395520297 0.002306704789191237
3254.4868936916346 0.001868343973611333
3529.657184709211 0.0015091826803211126
3828.093413348311 0.0012163470669093817
4151.7627391137175 0.0009778473930399387
4502.798646916054 0.0007817510225319028
4883.515010059853 0.0006232858038496817
5296.421342272049 0.00049560451264452
5744.239339305529 0.000392397507854498
6229.92081915268 0.0003095618035774304
6756.667179122852 0.0002434629959156931
7327.950498036197 0.00019073394225656228
7947.536422630206 0.00014868714906120424
8619.508989035985 0.0001154540525856633
9348.297542936481 0.00008927618061909583
10138.705935852391 0.00006845358950132802
10995.944190004817 0.000052306755205452526
11925.662840475246 0.00003983950040107832
12933.990181031426 0.00003021229680598436
14027.572659126994 0.00002282162455915898
15213.618686340757 0.00001718974457611802
16499.946153034663 0.000012907664893398082
17895.03396042622 9.651445092175267e-6
19408.077909751893 7.198840693904361e-6
21049.051316917903 5.356470209802125e-6
22828.770752183536 3.971508390433235e-6
24758.967338203955 2.9373361020682998e-6
26852.364076397636 2.16801966500434e-6
29122.759711339302 1.5962331208980152e-6
31585.119685975475 1.5217724223683114e-6
34255.67478719944 1.5217724223683114e-6
37152.02813201341 1.5217724223683114e-6
40293.27119948299 1.5217724223683114e-6
43700.109673315405 1.5217724223683114e-6
47394.99992456046 1.5217724223683114e-6
51402.29703406754 1.5217724223683114e-6
55748.41533039663 1.5217724223683114e-6
60462.002501378694 1.5217724223683114e-6
65574.12842699196 1.5217724223683114e-6
71118.48997825674 1.5217724223683114e-6
77131.63313209178 1.5217724223683114e-6
83653.19386621528 1.5217724223683114e-6
90726.15942196379 1.5217724223683114e-6
98397.15165715758 1.5217724223683114e-6
106716.73435674809 1.5217724223683114e-6
115739.74652690388 1.5217724223683114e-6
125525.66386946297 1.5217724223683114e-6
136138.99081943068 1.5217724223683114e-6
147649.6857296594 1.5217724223683114e-6
160133.62200534015 1.5217724223683114e-6
173673.0882279018 1.5217724223683114e-6
188357.33056491223 1.5217724223683114e-6
204283.1410413063 1.5217724223683114e-6
221555.4955495644 1.5217724223683114e-6
240288.24580432475 1.5217724223683114e-6
260604.86980248638 1.5217724223683114e-6
282639.2857355018 1.5217724223683114e-6
306536.73471880937 1.5217724223683114e-6
332454.7381569708 1.5217724223683114e-6
360564.13605503854 1.5217724223683114e-6
391050.21312023874 1.5217724223683114e-6
424113.9200767365 1.5217724223683114e-6
459973.1982438517 1.5217724223683114e-6
498864.41610875825 1.5217724223683114e-6
541043.927362912 1.5217724223683114e-6
586789.7606720976 1.5217724223683114e-6
636403.452318315 1.5217724223683114e-6
690212.0337934665 1.5217724223683114e-6
748570.1874461754 1.5217724223683114e-6
811862.5843908121 1.5217724223683114e-6
880506.4200891916 1.5217724223683114e-6
954954.1643183749 1.5217724223683114e-6
1.0356965436511323e6 1.5217724223683114e-6
1.1232657761082677e6 1.5217724223683114e-6
1.2182390793042087e6 1.5217724223683114e-6
1.321242475209997e6 1.5217724223683114e-6
1.4329549166129862e6 1.5217724223683114e-6
1.5541127624730433e6 1.5217724223683114e-6
1.6855146316748403e6 1.5217724223683114e-6
1.8280266671700089e6 1.5217724223683114e-6
1.9825882452080396e6 1.5217724223683114e-6
2.15021816728866e6 1.5217724223683114e-6
2.332021375650314e6 1.5217724223683114e-6
2.5291962365602623e6 1.5217724223683114e-6
2.743042439414505e6 1.5217724223683114e-6
2.9749695637149108e6 1.5217724223683114e-6
3.2265063703932967e6 1.5217724223683114e-6
3.499310878726738e6 1.5217724223683114e-6
3.7951812952666474e6 1.5217724223683114e-6
4.116067866820298e6 1.5217724223683114e-6
4.464085735614438e6 1.5217724223683114e-6
4.841528881376514e6 1.5217724223683114e-6
5.250885242233509e6 1.5217724223683114e-6
5.6948531140986625e6 1.5217724223683114e-6
6.176358936643646e6 1.5217724223683114e-6
6.698576583093401e6 1.5217724223683114e-6
7.264948280993379e6 1.5217724223683114e-6
7.879207301849658e6 1.5217724223683114e-6
8.545402569202049e6 1.5217724223683114e-6
9.267925347335702e6 1.5217724223683114e-6
1.0051538186551275e7 1.5217724223683114e-6
1.0901406315788148e7 1.5217724223683114e-6
1.1823131689527033e7 1.5217724223683114e-6
1.2822789913394043e7 1.5217724223683114e-6
1.3906970291863328e7 1.5217724223683114e-6
1.5082819262035111e7 1.5217724223683114e-6
1.6358087499785433e7 1.5217724223683114e-6
1.7741181008790474e7 1.5217724223683114e-6
1.9241216529181477e7 1.5217724223683114e-6
2.0868081631059747e7 1.5217724223683114e-6
2.2632499888981685e7 1.5217724223683114e-6
2.4546101567015164e7 1.5217724223683114e-6
2.66215002802916e7 1.5217724223683114e-6
2.8872376138372872e7 1.5217724223683114e-6
3.1313565918477625e7 1.5217724223683114e-6
3.396116086294873e7 1.5217724223683114e-6
3.68326127455993e7 1.5217724223683114e-6
3.994684890607981e7 1.5217724223683114e-6
4.332439701052226e7 1.5217724223683114e-6
4.698752036082814e7 1.5217724223683114e-6
5.096036464449869e7 1.5217724223683114e-6
5.526911709231769e7 1.5217724223683114e-6
5.994217909298414e7 1.5217724223683114e-6
6.501035340249382e7 1.5217724223683114e-6
7.050704718227062e7 1.5217724223683114e-6
7.646849220438536e7 1.5217724223683114e-6
8.293398367535806e7 1.5217724223683114e-6
8.994613925276418e7 1.5217724223683114e-6
9.755117996196668e7 1.5217724223683114e-6
1.057992348646533e8 1.5217724223683114e-6
1.1474467148741995e8 1.5217724223683114e-6
1.244464541884385e8 1.5217724223683114e-6
1.3496853282440308e8 1.5217724223683114e-6
1.463802642796734e8 1.5217724223683114e-6
1.5875686963615617e8 1.5217724223683114e-6
1.721799299973755e8 1.5217724223683114e-6
1.8673792423499256e8 1.5217724223683114e-6
2.0252681220236003e8 1.5217724223683114e-6
2.196506672593917e8 1.5217724223683114e-6
2.3822236227808353e8 1.5217724223683114e-6
2.583643136505165e8 1.5217724223683114e-6
2.802092882035172e8 1.5217724223683114e-6
3.039012783388121e8 1.5217724223683114e-6
3.295964511671918e8 1.5217724223683114e-6
3.574641778929731e8 1.5217724223683114e-6
3.8768815023400044e8 1.5217724223683114e-6
4.204675912361256e8 1.5217724223683114e-6
4.5601856846334106e8 1.5217724223683114e-6
4.9457541821950746e8 1.5217724223683114e-6
5.363922901895239e8 1.5217724223683114e-6
5.817448226815532e8 1.5217724223683114e-6
6.3093195951272e8 1.5217724223683114e-6
6.842779205144153e8 1.5217724223683114e-6
7.421343386459002e8 1.5217724223683114e-6
8.048825778030974e8 1.5217724223683114e-6
8.729362466005843e8 1.5217724223683114e-6
9.467439246964736e8 1.5217724223683114e-6
1.0267921196309258e9 1.5217724223683114e-6
1.1136084736685042e9 1.5217724223683114e-6
1.207765241782388e9 1.5217724223683114e-6
1.3098830637058272e9 1.5217724223683114e-6
1.4206350549145198e9 1.5217724223683114e-6
1.5407512435058243e9 1.5217724223683114e-6
1.6710233822208362e9 1.5217724223683114e-6
1.8123101673279414e9 1.5217724223683114e-6
1.9655428987684593e9 1.5217724223683114e-6
2.1317316188736222e9 1.5217724223683114e-6
2.311971770116461e9 1.5217724223683114e-6
2.5074514157836523e9 1.5217724223683114e-6
2.719459071162775e9 1.5217724223683114e-6
2.94939219686463e9 1.5217724223683114e-6