#Columns: M_EDO [M_sun], f_EDO
420.4630892664936 1.
458.38233953867507 0.8099001547416048
499.72131814827776 0.6561439796581031
544.7884315595066 0.5317400679861891
593.9198997169907 0.43105092807951484
647.4822643903935 0.34957501388462725
705.8751237328144 0.2835741844570648
769.5341134539476 0.2300932595541943
838.9341568488304 0.18674474307186437
914.5930079287874 0.1516152764121077
997.0751140878323 0.12312050059737666
1086.995827121687 0.10000161282620593
1185.0259940154072 0.08123987465226795
1291.8969617488683 0.06601597777310317
1408.406033458079 0.05365374412606867
1535.4224166576473 0.04361326027471677
1673.8937079006635 0.03545691986408828
1824.8529622543424 0.028831585153954585
1989.426400332747 0.023446904685352748
2168.8418103843283 0.01906989868924731
2364.4377081174807 0.015511489793397525
2577.6733226003107 0.012618600353837132
2810.1394827337026 0.010266851093942824
3063.5704855154477 0.008354796869913667
3339.857034637718 0.006800036351232686
3641.060345945419 0.005534629291465021
3969.427524988125 0.0045045487455741854
4327.408331388729 0.0036659924512532343
4717.673455098199 0.002983330953909196
5143.134440885017 0.0024274031050765302
5606.965409704701 0.0019747869459584
6112.62673899989 0.0016063069511301133
6663.890878596348 0.0013063478865045011
7264.870494792451 0.0010619782917000308
7920.049152608993 0.000861809365123053
8634.314765102297 0.0006987074210849818
9412.996059286463 0.000566393002160773
10261.90233071641 0.00045910658673624214
11187.36678331784 0.00037216450846074516
12196.29377779759 0.00030171994737542034
13296.210341128144 0.000244648514649818
14495.322321388689 0.00019844992412791144
15802.575606901924 0.0001610334850231692
17227.722866387998 0.00013072546634479106
18781.396308044837 0.00010617073244292946
20475.187000369755 0.00008653586952027915
22321.731346488694 0.00007060493800624791
24334.80535712895 0.000057648957732298464
26529.42742555254 0.000047090707693335436
28921.970371194056 0.000038485473376483
31530.28358789787 0.00003146020531327879
34373.826208031605 0.000025722211749690182
37473.8122759375 0.00002103371742170576
40853.36901377854 0.00001720093335449045
44537.70936050842 0.000014065808206033036
48554.320071182185 0.000011500931112185757
52933.166779906824 9.402338410104913e-6
57706.917556289976 7.683823854620786e-6
62911.186623214475 6.277247010751855e-6
68584.80005417505 5.126137665450036e-6
74770.08543239624 4.184267808377985e-6
81513.18763270963 3.412696923426483e-6
88864.41308205914 2.7816331958594593e-6
96878.60506696705 2.2657126251450905e-6
105615.55288791064 1.844130055226804e-6
115140.43791308138 1.4991244966916656e-6
125524.31985927408 1.2175346888794303e-6
136844.666927771 1.0595210788783484e-6
149185.93375026408 1.0595210788783484e-6
162640.19145653278 1.0595210788783484e-6
177307.81456446002 1.0595210788783484e-6
193298.22981687242 1.0595210788783484e-6
210730.73255185064 1.0595210788783484e-6
229735.37669698568 1.0595210788783484e-6
250453.9450273092 1.0595210788783484e-6
273041.00692544953 1.0595210788783484e-6
297665.0715353457 1.0595210788783484e-6
324509.84491254325 1.0595210788783484e-6
353775.6005499579 1.0595210788783484e-6
385680.67350379925 1.0595210788783484e-6
420463.08926649316 1.0595210788783484e-6
458382.33953867503 1.0595210788783484e-6
499721.3181482773 1.0595210788783484e-6
544788.4315595072 1.0595210788783484e-6
593919.8997169908 1.0595210788783484e-6
647482.2643903929 1.0595210788783484e-6
705875.1237328143 1.0595210788783484e-6
769534.1134539468 1.0595210788783484e-6
838934.1568488312 1.0595210788783484e-6
914593.0079287874 1.0595210788783484e-6
997075.1140878312 1.0595210788783484e-6
1.086995827121687e6 1.0595210788783484e-6
1.1850259940154073e6 1.0595210788783484e-6
1.2918969617488696e6 1.0595210788783484e-6
1.408406033458079e6 1.0595210788783484e-6
1.5354224166576457e6 1.0595210788783484e-6
1.67389370790066e6 1.0595210788783484e-6
1.8248529622543424e6 1.0595210788783484e-6
1.9894264003327491e6 1.0595210788783484e-6
2.168841810384328e6 1.0595210788783484e-6
2.364437708117478e6 1.0595210788783484e-6
2.5776733226003055e6 1.0595210788783484e-6
2.8101394827337028e6 1.0595210788783484e-6
3.0635704855154506e6 1.0595210788783484e-6
3.339857034637718e6 1.0595210788783484e-6
3.641060345945415e6 1.0595210788783484e-6
3.9694275249881167e6 1.0595210788783484e-6
4.327408331388738e6 1.0595210788783484e-6
4.7176734550982e6 1.0595210788783484e-6
5.143134440885018e6 1.0595210788783484e-6
5.606965409704695e6 1.0595210788783484e-6
6.112626738999878e6 1.0595210788783484e-6
6.663890878596362e6 1.0595210788783484e-6
7.264870494792451e6 1.0595210788783484e-6
7.9200491526089925e6 1.0595210788783484e-6
8.634314765102288e6 1.0595210788783484e-6
9.412996059286442e6 1.0595210788783484e-6
1.0261902330716431e7 1.0595210788783484e-6
1.1187366783317842e7 1.0595210788783484e-6
1.219629377779759e7 1.0595210788783484e-6
1.3296210341128144e7 1.0595210788783484e-6
1.449532232138866e7 1.0595210788783484e-6
1.5802575606901957e7 1.0595210788783484e-6
1.7227722866387997e7 1.0595210788783484e-6
1.878139630804484e7 1.0595210788783484e-6
2.0475187000369757e7 1.0595210788783484e-6
2.232173134648865e7 1.0595210788783484e-6
2.4334805357129e7 1.0595210788783484e-6
2.6529427425552543e7 1.0595210788783484e-6
2.8921970371194057e7 1.0595210788783484e-6
3.153028358789787e7 1.0595210788783484e-6
3.4373826208031535e7 1.0595210788783484e-6
3.747381227593757e7 1.0595210788783484e-6
4.085336901377854e7 1.0595210788783484e-6
4.453770936050842e7 1.0595210788783484e-6
4.8554320071182184e7 1.0595210788783484e-6
5.293316677990672e7 1.0595210788783484e-6
5.77069175562901e7 1.0595210788783484e-6
6.2911186623214476e7 1.0595210788783484e-6
6.858480005417505e7 1.0595210788783484e-6
7.477008543239625e7 1.0595210788783484e-6
8.151318763270946e7 1.0595210788783484e-6
8.886441308205931e7 1.0595210788783484e-6
9.687860506696706e7 1.0595210788783484e-6
1.0561555288791065e8 1.0595210788783484e-6
1.1514043791308138e8 1.0595210788783484e-6
1.2552431985927382e8 1.0595210788783484e-6
1.3684466692777127e8 1.0595210788783484e-6
1.4918593375026408e8 1.0595210788783484e-6
1.6264019145653278e8 1.0595210788783484e-6
1.7730781456446004e8 1.0595210788783484e-6
1.9329822981687203e8 1.0595210788783484e-6
2.1073073255185106e8 1.0595210788783484e-6
2.2973537669698566e8 1.0595210788783484e-6
2.504539450273092e8 1.0595210788783484e-6
2.7304100692544955e8 1.0595210788783484e-6
2.976650715353451e8 1.0595210788783484e-6
3.2450984491254395e8 1.0595210788783484e-6
3.5377560054995793e8 1.0595210788783484e-6
3.8568067350379926e8 1.0595210788783484e-6
4.204630892664932e8 1.0595210788783484e-6
4.583823395386741e8 1.0595210788783484e-6
4.997213181482783e8 1.0595210788783484e-6
5.447884315595073e8 1.0595210788783484e-6
5.939198997169907e8 1.0595210788783484e-6
6.474822643903929e8 1.0595210788783484e-6
7.058751237328129e8 1.0595210788783484e-6
7.695341134539484e8 1.0595210788783484e-6
8.389341568488312e8 1.0595210788783484e-6
9.145930079287874e8 1.0595210788783484e-6
9.970751140878313e8 1.0595210788783484e-6
1.0869958271216848e9 1.0595210788783484e-6
1.1850259940154097e9 1.0595210788783484e-6
1.2918969617488697e9 1.0595210788783484e-6
1.4084060334580789e9 1.0595210788783484e-6
1.5354224166576457e9 1.0595210788783484e-6
1.67389370790066e9 1.0595210788783484e-6
1.8248529622543461e9 1.0595210788783484e-6
1.9894264003327491e9 1.0595210788783484e-6
2.1688418103843284e9 1.0595210788783484e-6
2.3644377081174784e9 1.0595210788783484e-6
2.5776733226003056e9 1.0595210788783484e-6
2.8101394827337084e9 1.0595210788783484e-6
3.0635704855154505e9 1.0595210788783484e-6
3.3398570346377177e9 1.0595210788783484e-6
3.641060345945415e9 1.0595210788783484e-6
3.9694275249881167e9 1.0595210788783484e-6
4.327408331388738e9 1.0595210788783484e-6
4.717673455098199e9 1.0595210788783484e-6
5.143134440885017e9 1.0595210788783484e-6
5.606965409704696e9 1.0595210788783484e-6
6.112626738999878e9 1.0595210788783484e-6
6.663890878596334e9 1.0595210788783484e-6
7.264870494792451e9 1.0595210788783484e-6
7.920049152608993e9 1.0595210788783484e-6
8.634314765102287e9 1.0595210788783484e-6
9.412996059286442e9 1.0595210788783484e-6
1.0261902330716389e10 1.0595210788783484e-6
1.118736678331784e10 1.0595210788783484e-6
1.2196293777797588e10 1.0595210788783484e-6
1.3296210341128145e10 1.0595210788783484e-6