#Columns: M_EDO [M_sun], f_EDO
2.832603345493317 0.
2.8706033454933166 -0.09172551422072092
2.908603345493317 -0.18348194829136993
2.9466033454933167 -0.27526373476828664
2.984603345493317 -0.3670653062078149
3.0226033454933168 -0.4588810571798552
3.060603345493317 -0.5506967017898677
3.098603345493317 -0.6425058848423857
3.1366033454933167 -0.7343030388937518
3.174603345493317 -0.826073021922029
3.2126033454933167 -0.9178071002817562
3.250603345493317 -1.0095029031202287
3.288603345493317 -1.101154862993786
3.326603345493317 -1.1927430733832156
3.364603345493317 -1.2842548087030103
3.4026033454933167 -1.3756964545377872
3.440603345493317 -1.4670624434438888
3.4786033454933167 -1.5583328764993862
3.5166033454933165 -1.649481491989601
3.554603345493317 -1.7405282040310366
3.592603345493317 -1.8314674451800337
3.630603345493317 -1.9222840962065164
3.6686033454933167 -2.0129793863114114
3.706603345493317 -2.1035940195229634
3.7446033454933167 -2.194093742291561
3.7826033454933166 -2.284437912300606
3.820603345493317 -2.37452794287595
3.858603345493317 -2.464425756459465
3.896603345493317 -2.5541214819116913
3.9346033454933167 -2.6436052480931718
3.972603345493317 -2.7327721018105087
4.010603345493317 -2.8216727257768155
4.048603345493317 -2.9103148551006397
4.086603345493317 -2.9986452017525154
4.124603345493317 -3.086235280321393
4.1626033454933165 -3.1734665915325757
4.200603345493317 -3.260411312599633
4.238603345493317 -3.3470818060470493
4.276603345493317 -3.4334211231452345
4.314603345493317 -3.519437498831608
4.352603345493317 -3.6051966314567774
4.390603345493317 -3.6907021238058624
4.4286033454933165 -3.7759202990890417
4.466603345493317 -3.8608215979852094
4.504603345493317 -3.9454926582900747
4.542603345493317 -4.029973667967083
4.580603345493317 -4.114315470610309
4.618603345493317 -4.198338835791229
4.656603345493316 -4.282130978397661
4.6946033454933165 -4.365691175117968
4.732603345493317 -4.449018702640504
4.770603345493317 -4.532004211907221
4.808603345493317 -4.614754365390064
4.846603345493317 -4.697268439777387
4.884603345493317 -4.779545711757552
4.922603345493316 -4.861493386610053
4.9606033454933165 -4.9431832615177544
4.998603345493317 -5.024632924120549
5.036603345493317 -5.105841651106793
5.074603345493317 -5.186733822074941
5.112603345493317 -5.26734512895595
5.150603345493317 -5.3477120903226645
5.188603345493316 -5.4278339828634365
5.2266033454933165 -5.507652980477087
5.264603345493317 -5.587167429879859
5.302603345493317 -5.666433400558944
5.340603345493317 -5.745450169202699
5.378603345493317 -5.824178323991711
5.416603345493317 -5.902577626464693
5.454603345493316 -5.935571569186888
5.4926033454933165 -5.935571569186888
5.530603345493317 -5.935571569186888
5.568603345493317 -5.935571569186888
5.606603345493317 -5.935571569186888
5.644603345493317 -5.935571569186888
5.682603345493317 -5.935571569186888
5.720603345493316 -5.935571569186888
5.7586033454933165 -5.935571569186888
5.796603345493317 -5.935571569186888
5.834603345493317 -5.935571569186888
5.872603345493317 -5.935571569186888
5.910603345493317 -5.935571569186888
5.948603345493317 -5.935571569186888
5.986603345493316 -5.935571569186888
6.0246033454933166 -5.935571569186888
6.062603345493317 -5.935571569186888
6.100603345493317 -5.935571569186888
6.138603345493317 -5.935571569186888
6.176603345493317 -5.935571569186888
6.214603345493317 -5.935571569186888
6.252603345493316 -5.935571569186888
6.290603345493317 -5.935571569186888
6.328603345493317 -5.935571569186888
6.366603345493317 -5.935571569186888
6.404603345493317 -5.935571569186888
6.442603345493317 -5.935571569186888
6.480603345493316 -5.935571569186888
6.518603345493316 -5.935571569186888
6.556603345493317 -5.935571569186888
6.594603345493317 -5.935571569186888
6.632603345493317 -5.935571569186888
6.670603345493317 -5.935571569186888
6.708603345493317 -5.935571569186888
6.746603345493316 -5.935571569186888
6.784603345493316 -5.935571569186888
6.822603345493317 -5.935571569186888
6.860603345493317 -5.935571569186888
6.898603345493317 -5.935571569186888
6.936603345493317 -5.935571569186888
6.974603345493316 -5.935571569186888
7.012603345493316 -5.935571569186888
7.050603345493316 -5.935571569186888
7.088603345493317 -5.935571569186888
7.126603345493317 -5.935571569186888
7.164603345493317 -5.935571569186888
7.202603345493317 -5.935571569186888
7.240603345493316 -5.935571569186888
7.278603345493316 -5.935571569186888
7.316603345493316 -5.935571569186888
7.354603345493317 -5.935571569186888
7.392603345493317 -5.935571569186888
7.430603345493317 -5.935571569186888
7.468603345493317 -5.935571569186888
7.506603345493316 -5.935571569186888
7.544603345493316 -5.935571569186888
7.582603345493316 -5.935571569186888
7.620603345493317 -5.935571569186888
7.658603345493317 -5.935571569186888
7.696603345493317 -5.935571569186888
7.734603345493317 -5.935571569186888
7.772603345493316 -5.935571569186888
7.810603345493316 -5.935571569186888
7.848603345493316 -5.935571569186888
7.886603345493317 -5.935571569186888
7.924603345493317 -5.935571569186888
7.962603345493317 -5.935571569186888
8.000603345493317 -5.935571569186888
8.038603345493316 -5.935571569186888
8.076603345493316 -5.935571569186888
8.114603345493316 -5.935571569186888
8.152603345493317 -5.935571569186888
8.190603345493317 -5.935571569186888
8.228603345493317 -5.935571569186888
8.266603345493317 -5.935571569186888
8.304603345493316 -5.935571569186888
8.342603345493316 -5.935571569186888
8.380603345493316 -5.935571569186888
8.418603345493317 -5.935571569186888
8.456603345493317 -5.935571569186888
8.494603345493317 -5.935571569186888
8.532603345493317 -5.935571569186888
8.570603345493316 -5.935571569186888
8.608603345493316 -5.935571569186888
8.646603345493316 -5.935571569186888
8.684603345493317 -5.935571569186888
8.722603345493317 -5.935571569186888
8.760603345493317 -5.935571569186888
8.798603345493317 -5.935571569186888
8.836603345493316 -5.935571569186888
8.874603345493316 -5.935571569186888
8.912603345493316 -5.935571569186888
8.950603345493317 -5.935571569186888
8.988603345493317 -5.935571569186888
9.026603345493317 -5.935571569186888
9.064603345493317 -5.935571569186888
9.102603345493316 -5.935571569186888
9.140603345493316 -5.935571569186888
9.178603345493316 -5.935571569186888
9.216603345493317 -5.935571569186888
9.254603345493317 -5.935571569186888
9.292603345493317 -5.935571569186888
9.330603345493317 -5.935571569186888
9.368603345493316 -5.935571569186888
9.406603345493316 -5.935571569186888
9.444603345493316 -5.935571569186888
9.482603345493317 -5.935571569186888
9.520603345493317 -5.935571569186888
9.558603345493317 -5.935571569186888
9.596603345493318 -5.935571569186888
9.634603345493316 -5.935571569186888
9.672603345493316 -5.935571569186888
9.710603345493316 -5.935571569186888
9.748603345493317 -5.935571569186888
9.786603345493317 -5.935571569186888
9.824603345493317 -5.935571569186888
9.862603345493318 -5.935571569186888
9.900603345493316 -5.935571569186888
9.938603345493316 -5.935571569186888
9.976603345493317 -5.935571569186888
10.014603345493317 -5.935571569186888
10.052603345493317 -5.935571569186888
10.090603345493317 -5.935571569186888
10.128603345493316 -5.935571569186888
10.166603345493316 -5.935571569186888
10.204603345493316 -5.935571569186888
10.242603345493317 -5.935571569186888
10.280603345493317 -5.935571569186888
10.318603345493317 -5.935571569186888
10.356603345493317 -5.935571569186888
10.394603345493316 -5.935571569186888
10.432603345493316 -5.935571569186888
10000000 1/10000000