#Columns: M_EDO [M_sun], f_EDO
1105.6005651499202 1.
1207.3918834356964 0.812846423485783
1318.5550063360527 0.660084275732637
1439.9527846639396 0.5355474400495438
1572.5275108719902 0.4341396620219572
1717.308233149031 0.351581750764981
1875.41874291668 0.28451816408293135
2048.086297725188 0.23011385008278337
2236.651147255825 0.18601582433714686
2442.576936370894 0.1502883103934147
2667.462065960085 0.12137314438535196
2913.052099766334 0.09799648717222256
3181.253313493241 0.07910686972624982
3474.1474913625834 0.06384958066969308
3794.008084973139 0.05153355723851555
4143.317859886233 0.04159624363965199
4524.788166911293 0.03357958366877755
4941.379987675536 0.02711308822014135
5396.326917834017 0.021901076947998983
5893.160266316304 0.01769809378946479
6435.7364654306275 0.014308237212055168
7028.267004583512 0.011573910250228888
7675.351119961082 0.009372055536511574
8382.011493910062 0.007597475565209155
9153.733241118038 0.006164048912565392
9996.506484204601 0.00500496422311555
10916.872849196023 0.004067894983952361
11921.976241782646 0.003309914033145108
13019.618298485271 0.00269570639681779
14218.318943144133 0.002197620827391371
15527.382518771006 0.0017935644071454568
16956.970008081767 0.0014659367556740664
18518.17790328661 0.0011995229074838146
20223.12433732763 0.0009836346927544696
22085.043145115666 0.000809249479893394
24118.38658487295 0.0006673116557135111
26338.937516906273 0.0005508488033361066
28763.93191054516 0.0004551484339450307
31412.192630147543 0.00037640872591323263
34304.27553862167 0.00031160840941443796
37462.629052525 0.0002581535008516743
40911.768387209035 0.00021398861674341976
44678.46584450609 0.00017746641311839343
48791.95861997473 0.0001472469808473521
53284.17574271005 0.00012221377447579543
58189.9859092288 0.00010139623621265651
63547.46813512462 0.00008407646092652768
69398.20732529555 0.00006966988412468628
75787.6170569679 0.00005773355303258774
82765.29208096747 0.0000478417353313964
90385.39327735793 0.00003964355750130957
98707.06805348549 0.00003284860940993517
107794.90944756576 0.000027215133421505655
117719.45750138827 0.00002254506423903993
128557.74679380372 0.00001867379776536443
140393.90438496383 0.000015464846229703376
153319.80281257056 0.000012804213668936668
167435.77320870574 0.00001059864612668386
182851.38407247324 8.77083908479124e-6
199686.2917433025 7.256325952219901e-6
218071.16917631362 6.0012573072988585e-6
238148.7202289102 4.9612406769140695e-6
260074.7873315295 4.100008181885571e-6
284019.5611403047 3.387015208562203e-6
310168.9015610011 2.79682375689627e-6
338725.780398038 2.3081169793922727e-6
369911.85682648007 1.9039257987940958e-6
403969.1979158456 1.5697602401794767e-6
441162.1575604755 1.2935980441754666e-6
481779.4284007715 1.0652206556575934e-6
526136.282662357 1.0086270797608806e-6
574577.0193066237 1.0086270797608806e-6
627477.6364874782 1.0086270797608806e-6
685248.750057994 1.0086270797608806e-6
748338.7807804586 1.0086270797608806e-6
817237.4349790342 1.0086270797608806e-6
892479.5056519294 1.0086270797608806e-6
974649.0235474161 1.0086270797608806e-6
1.0643837904244405e6 1.0086270797608806e-6
1.162380329685093e6 1.0086270797608806e-6
1.2693992928058812e6 1.0086270797608806e-6
1.3862713635326356e6 1.0086270797608806e-6
1.5139037056675858e6 1.0086270797608806e-6
1.6532870044964235e6 1.0086270797608806e-6
1.8055031565111526e6 1.0086270797608806e-6
1.9717336671164692e6 1.0086270797608806e-6
2.1532688215029174e6 1.0086270797608806e-6
2.3515176998713207e6 1.0086270797608806e-6
2.5680191147469333e6 1.0086270797608806e-6
2.804453555279e6 1.0086270797608806e-6
3.0626562312376252e6 1.0086270797608806e-6
3.3446313179558152e6 1.0086270797608806e-6
3.652567512786227e6 1.0086270797608806e-6
3.9888550238222647e6 1.0086270797608806e-6
4.356104122750362e6 1.0086270797608806e-6
4.757165405841088e6 1.0086270797608806e-6
5.195151920345433e6 1.0086270797608806e-6
5.673463328041883e6 1.0086270797608806e-6
6.1958122934922455e6 1.0086270797608806e-6
6.766253301832599e6 1.0086270797608806e-6
7.389214129783716e6 1.0086270797608806e-6
8.0695302141596e6 1.0086270797608806e-6
8.812482184643473e6 1.0086270797608806e-6
9.623836852161346e6 1.0086270797608806e-6
1.0509891971006086e7 1.0086270797608806e-6
1.1477525122156585e7 1.0086270797608806e-6
1.2534247097225396e7 1.0086270797608806e-6
1.3688260197402501e7 1.0086270797608806e-6
1.4948521899912965e7 1.0086270797608806e-6
1.6324814386168687e7 1.0086270797608806e-6
1.782782047129434e7 1.0086270797608806e-6
1.946920652439309e7 1.0086270797608806e-6
2.1261713023182053e7 1.0086270797608806e-6
2.32192534458844e7 1.0086270797608806e-6
2.5357022267979484e7 1.0086270797608806e-6
2.7691612902083743e7 1.0086270797608806e-6
3.024114649641602e7 1.0086270797608806e-6
3.3025412591582146e7 1.0086270797608806e-6
3.606602272746149e7 1.0086270797608806e-6
3.938657819249544e7 1.0086270797608806e-6
4.301285321745096e7 1.0086270797608806e-6
4.697299503561579e7 1.0086270797608806e-6
5.1297742362294406e7 1.0086270797608806e-6
5.602066398944998e7 1.0086270797608806e-6
6.1178419347468965e7 1.0086270797608806e-6
6.681104305653371e7 1.0086270797608806e-6
7.296225567630117e7 1.0086270797608806e-6
7.96798030659295e7 1.0086270797608806e-6
8.701582698857653e7 1.0086270797608806e-6
9.502726983700979e7 1.0086270797608806e-6
1.0377631662181863e8 1.0086270797608806e-6
1.1333087765294877e8 1.0086270797608806e-6
1.237651156611513e8 1.0086270797608806e-6
1.351600214508672e8 1.0086270797608806e-6
1.4760404255278456e8 1.0086270797608806e-6
1.6119376975568348e8 1.0086270797608806e-6
1.7603468684644103e8 1.0086270797608806e-6
1.9224198937770647e8 1.0086270797608806e-6
2.0994147881852737e8 1.0086270797608806e-6
2.2927053902835566e8 1.0086270797608806e-6
2.5037920263384312e8 1.0086270797608806e-6
2.7343131558567154e8 1.0086270797608806e-6
2.9860580893472755e8 1.0086270797608806e-6
3.260980876991966e8 1.0086270797608806e-6
3.561215476029732e8 1.0086270797608806e-6
3.88909231458364e8 1.0086270797608806e-6
4.2471563804995996e8 1.0086270797608806e-6
4.6381869756026965e8 1.0086270797608806e-6
5.06521928870439e8 1.0086270797608806e-6
5.531567954810435e8 1.0086270797608806e-6
6.040852783396922e8 1.0086270797608806e-6
6.597026855457823e8 1.0086270797608806e-6
7.204407207414035e8 1.0086270797608806e-6
7.867708340052991e8 1.0086270797608806e-6
8.592078812596464e8 1.0086270797608806e-6
9.383141205940006e8 1.0086270797608806e-6
1.0247035765260074e9 1.0086270797608806e-6
1.1190468060743675e9 1.0086270797608806e-6
1.222076103638402e9 1.0086270797608806e-6
1.3345911850846815e9 1.0086270797608806e-6
1.457465395160653e9 1.0086270797608806e-6
1.5916524864174159e9 1.0086270797608806e-6
1.7381940222597845e9 1.0086270797608806e-6
1.898227461586304e9 1.0086270797608806e-6
2.0729949877723353e9 1.0086270797608806e-6
2.263853150527106e9 1.0086270797608806e-6
2.4722833954648976e9 1.0086270797608806e-6
2.6999035631212687e9 1.0086270797608806e-6
2.948480446669914e9 1.0086270797608806e-6
3.2199435058133965e9 1.0086270797608806e-6
3.516399843295478e9 1.0086270797608806e-6
3.8401505602828574e9 1.0086270797608806e-6
4.1937086175673556e9 1.0086270797608806e-6
4.579818341227573e9 1.0086270797608806e-6
5.001476724153337e9 1.0086270797608806e-6
5.461956688776139e9 1.0086270797608806e-6
5.9648324915711e9 1.0086270797608806e-6
6.514007466521039e9 1.0086270797608806e-6
7.113744322888007e9 1.0086270797608806e-6
7.768698232464348e9 1.0086270797608806e-6
8.48395296312712e9 1.0086270797608806e-6
9.26506033916587e9 1.0086270797608806e-6
1.0118083334675156e10 1.0086270797608806e-6
1.1049643134504177e10 1.0086270797608806e-6
1.2066970528051662e10 1.0086270797608806e-6
1.317796203482555e10 1.0086270797608806e-6
1.4391241197416145e10 1.0086270797608806e-6
1.5716225517639336e10 1.0086270797608806e-6
1.7163199555410482e10 1.0086270797608806e-6
1.8743394757743935e10 1.0086270797608806e-6
2.0469076637512886e10 1.0086270797608806e-6
2.235363997865269e10 1.0086270797608806e-6
2.4411712806793938e10 1.0086270797608806e-6
2.6659269932346176e10 1.0086270797608806e-6
2.911375694735766e10 1.0086270797608806e-6
3.179422563861729e10 1.0086270797608806e-6
3.4721481868077866e10 1.0086270797608806e-6
3.7918247068453835e10 1.0086270797608806e-6
4.1409334607523834e10 1.0086270797608806e-6
4.522184239008366e10 1.0086270797608806e-6
4.938536319253002e10 1.0086270797608806e-6