#Columns: M_EDO [M_sun], f_EDO
1827.3675367111607 1.
1995.611074583482 0.8075778193616889
2179.3445932435407 0.6523078450650288
2379.994236648125 0.5269993049730995
2599.117452118 0.425855331650115
2838.415079281191 0.3442321184778434
3099.74455203076 0.2783340404165635
3385.134315971029 0.22511301017918284
3696.799573260749 0.1821208160902422
4037.159477065139 0.14739388642268325
4408.85590908048 0.11933651582419873
4814.77398588291 0.0966533007215147
5258.064453272119 0.07830957414812277
5742.168142435457 0.06347328716482649
6270.842677761716 0.05147496466034119
6848.191643611345 0.041761942563857644
7478.6964364361465 0.033896142621241826
8167.2510494855105 0.027523914568054433
8919.200060098838 0.02236437673479467
9740.380114442354 0.018180882788043085
10637.165231695968 0.014787276778604492
11616.516279342317 0.01203326299110107
12686.035003586163 0.009799351991289253
13854.023034290012 0.007985841429695413
15129.546322423172 0.006511752042193814
16522.505510189432 0.00531275675668954
18043.71278004836 0.004337534105273374
19704.975779133343 0.003543894030392775
21519.189270490646 0.0028971951498917283
23500.435222537868 0.002369938528606073
25664.092113638686 0.0019399362197214758
28026.9543002193 0.0015892936339812964
30607.36237496339 0.0013028590633659793
33425.34552693064 0.0010687578751461266
36502.7770086 0.0008773305141975812
39863.543916577575 0.0007209145163811742
43533.73260381027 0.0005927884175120398
47541.831162480485 0.00048776106453136134
51918.95054925685 0.0004016127856548484
56699.06606928299 0.00033097499625762516
61919.28109330669 0.0002729733250113681
67620.11505492868 0.00022529165035579463
73845.81796341423 0.00018606785205700703
80644.71387331998 0.00015380168416432048
88069.57597695976 0.00012724244351013241
96178.03623118215 0.00010540380988114379
105033.0326979954 0.00008745244832043632
114703.29807130595 0.0000727087867547614
125263.89318173034 0.00006049715344343212
136796.78962055207 0.00005035912982579804
149391.50600517113 0.0000419359349484546
163145.80282474804 0.000034932436667027295
178166.44125945278 0.00002910627150747279
194570.01186329557 0.00002425335282935967
212483.83954278674 0.000020209324848959594
232046.97185590235 0.000016838222276535608
253411.25830254637 0.000014025982797730122
276742.5289839936 0.000011679221105900198
302221.881780092 9.721185846794206e-6
330047.08803532907 8.087587646387904e-6
360434.12766472873 6.723973080757608e-6
393618.86559510505 5.585413784437152e-6
429858.8825542541 4.635958093461689e-6
469435.47441870766 3.844572143336259e-6
512655.8356390458 3.185043859847624e-6
559855.4436905466 2.6347963286327984e-6
611400.6630573623 2.177025019437338e-6
667691.5889623853 1.796528580254079e-6
729165.152915919 1.4805694453380825e-6
796298.514188484 1.2176986379178797e-6
869612.7635324668 1.1526093493657619e-6
949676.9679009789 1.1526093493657619e-6
1.0371125875591234e6 1.1526093493657619e-6
1.1325982998734089e6 1.1526093493657619e-6
1.236875267221656e6 1.1526093493657619e-6
1.3507528899130777e6 1.1526093493657619e-6
1.4751150887727789e6 1.1526093493657619e-6
1.610927166156312e6 1.1526093493657619e-6
1.7592432986495898e6 1.1526093493657619e-6
1.9212147196127097e6 1.1526093493657619e-6
2.0980986550807594e6 1.1526093493657619e-6
2.2912680823823106e6 1.1526093493657619e-6
2.5022223872222225e6 1.1526093493657619e-6
2.732599001949251e6 1.1526093493657619e-6
2.984186115345033e6 1.1526093493657619e-6
3.258936552588058e6 1.1526093493657619e-6
3.558982933129354e6 1.1526093493657619e-6
3.8866542241355106e6 1.1526093493657619e-6
4.244493817987456e6 1.1526093493657619e-6
4.635279274152792e6 1.1526093493657619e-6
5.0620438786686845e6 1.1526093493657619e-6
5.528100188580451e6 1.1526093493657619e-6
6.037065744088411e6 1.1526093493657619e-6
6.592891147981292e6 1.1526093493657619e-6
7.199890730309318e6 1.1526093493657619e-6
7.862776036317056e6 1.1526093493657619e-6
8.586692397569986e6 1.1526093493657619e-6
9.377258870141016e6 1.1526093493657619e-6
1.0240611849857697e7 1.1526093493657619e-6
1.11834527031532e7 1.1526093493657619e-6
1.2213099783232443e7 1.1526093493657619e-6
1.3337545235304363e7 1.1526093493657619e-6
1.456551703180369e7 1.1526093493657619e-6
1.590654671912133e7 1.1526093493657619e-6
1.7371043401694994e7 1.1526093493657619e-6
1.897037453772622e7 1.1526093493657619e-6
2.0716954173662096e7 1.1526093493657619e-6
2.2624339302320287e7 1.1526093493657619e-6
2.4707335092590727e7 1.1526093493657619e-6
2.6982109807509728e7 1.1526093493657619e-6
2.946632030270382e7 1.1526093493657619e-6
3.217924907932439e7 1.1526093493657619e-6
3.5141953955281615e7 1.1526093493657619e-6
3.8377431516530015e7 1.1526093493657619e-6
4.1910795617117286e7 1.1526093493657619e-6
4.576947231351853e7 1.1526093493657619e-6
4.9983412746341735e7 1.1526093493657619e-6
5.4585325621795274e7 1.1526093493657619e-6
5.961093109744677e7 1.1526093493657619e-6
6.509923804293837e7 1.1526093493657619e-6
7.109284682776347e7 1.1526093493657619e-6
7.763827998635218e7 1.1526093493657619e-6
8.478634332709353e7 1.1526093493657619e-6
9.259252028823216e7 1.1526093493657619e-6
1.0111740260164133e8 1.1526093493657619e-6
1.1042716060729031e8 1.1526093493657619e-6
1.2059405686900382e8 1.1526093493657619e-6
1.3169700707820675e8 1.1526093493657619e-6
1.4382219259940195e8 1.1526093493657619e-6
1.570637294119842e8 1.1526093493657619e-6
1.7152439864071074e8 1.1526093493657619e-6
1.8731644434525067e8 1.1526093493657619e-6
2.0456244476125216e8 1.1526093493657619e-6
2.233962637555336e8 1.1526093493657619e-6
2.439640898806134e8 1.1526093493657619e-6
2.6642557109373984e8 1.1526093493657619e-6
2.9095505394815093e8 1.1526093493657619e-6
3.17742936875178e8 1.1526093493657619e-6
3.469971480614144e8 1.1526093493657619e-6
3.7894475939226395e8 1.1526093493657619e-6
4.138337489893269e8 1.1526093493657619e-6
4.519349260225151e8 1.1526093493657619e-6
4.935440327372696e8 1.1526093493657619e-6
5.38984040012946e8 1.1526093493657619e-6
5.886076542704818e8 1.1526093493657619e-6
6.428000551880432e8 1.1526093493657619e-6
7.019818854749067e8 1.1526093493657619e-6
7.666125159101716e8 1.1526093493657619e-6
8.371936109897399e8 1.1526093493657619e-6
9.142730228580959e8 1.1526093493657619e-6
9.984490437497113e8 1.1526093493657619e-6
1.090375049947689e9 1.1526093493657619e-6
1.190764573306012e9 1.1526093493657619e-6
1.3003968397008657e9 1.1526093493657619e-6
1.4201228174004734e9 1.1526093493657619e-6
1.550871822301076e9 1.1526093493657619e-6
1.6936587312991636e9 1.1526093493657619e-6
1.8495918597900822e9 1.1526093493657619e-6
2.0198815644386508e9 1.1526093493657619e-6
2.205849637996449e9 1.1526093493657619e-6
2.408939569088706e9 1.1526093493657619e-6
2.630727746607471e9 1.1526093493657619e-6
2.8729356956797614e9 1.1526093493657619e-6
3.137443440186804e9 1.1526093493657619e-6
3.426304095554111e9 1.1526093493657619e-6
3.741759805082542e9 1.1526093493657619e-6
4.0862591435180707e9 1.1526093493657619e-6
4.46247612294733e9 1.1526093493657619e-6
4.873330948543434e9 1.1526093493657619e-6
5.322012685267976e9 1.1526093493657619e-6
5.812004011469572e9 1.1526093493657619e-6
6.3471082515162525e9 1.1526093493657619e-6
6.931478897289863e9 1.1526093493657619e-6
7.56965184768947e9 1.1526093493657619e-6
8.266580616386489e9 1.1526093493657619e-6
9.027674781116325e9 1.1526093493657619e-6
9.85884197294976e9 1.1526093493657619e-6
1.0766533731466143e10 1.1526093493657619e-6
1.175779558175802e10 1.1526093493657619e-6
1.2840321721964464e10 1.1526093493657619e-6
1.402251474582114e10 1.1526093493657619e-6
1.5313550863793182e10 1.1526093493657619e-6
1.6723451129039883e10 1.1526093493657619e-6
1.8263159221068535e10 1.1526093493657619e-6
1.994462639083566e10 1.1526093493657619e-6
2.178090422664259e10 1.1526093493657619e-6
2.3786245960875072e10 1.1526093493657619e-6
2.597621710393327e10 1.1526093493657619e-6
2.8367816264095097e10 1.1526093493657619e-6
3.0979607091118763e10 1.1526093493657619e-6
3.383186236773655e10 1.1526093493657619e-6
3.6946721367476494e10 1.1526093493657619e-6
4.034836170023325e10 1.1526093493657619e-6
4.406318697945268e10 1.1526093493657619e-6
4.812003176760876e10 1.1526093493657619e-6
5.255038539076767e10 1.1526093493657619e-6
5.7388636359485664e10 1.1526093493657619e-6
6.267233929325077e10 1.1526093493657619e-6
6.844250642033487e10 1.1526093493657619e-6
7.47439259156871e10 1.1526093493657619e-6
8.162550954781989e10 1.1526093493657619e-6