#Columns: M_EDO [M_sun], f_EDO
3171.8354762661033 0.9999999999999998
3463.8625651550624 0.7972103669608321
3782.7762379425467 0.6366515897901575
4131.051910167865 0.5092924828021316
4511.392905910699 0.4080842628888948
4926.751441057139 0.3276764576063953
5380.351538469846 0.26355164813925613
5875.714052930468 0.21228252553778854
6416.684000098458 0.17122665134905593
7007.460401614407 0.1383363537379724
7652.628878006214 0.11193653519023453
8357.1972423851 0.090683207601098
9126.634371210444 0.07354987856635416
9966.912653839396 0.05972602374082484
10884.554350355655 0.04856658983339929
11886.682217507774 0.03952961280134122
12981.074795717177 0.03220320146475015
14176.22678629449 0.026257155196006274
15481.414987513755 0.02143287338572746
16906.770301342207 0.01750728164974936
18463.356369743036 0.014310013450735988
20163.25545092825 0.011703294307400835
22019.662202135507 0.00957420310554439
24046.9860968722 0.00783113161265269
26260.96327159298 0.006407135622658652
28678.778669966396 0.005244525993157975
31319.199432817568 0.0042952773845559775
34202.72056912358 0.0035198269135504044
37351.7240387618 0.002885676739449849
40790.65248181706 0.0023668398903740665
44546.19894293707 0.0019422334912213533
48647.514063382216 0.0015947442282698023
53126.43234899829 0.0013099925243299827
58017.719270411355 0.0010764247799229453
63359.341113439594 0.0008846598263279511
69192.75967431068 0.000727218362485534
75563.25408711335 0.0005980823029801191
82520.27228151636 0.0004921178697190469
90117.81479877964 0.0004051328325923168
98414.85394524317 0.00033375736996193236
107475.7915367773 0.0002751338854909733
117370.9587872139 0.00022694175750687153
128177.16222090702 0.00018730523507922044
139978.27984680704 0.00015470922306443568
152865.91222156963 0.00012789227828322562
166940.0934552606 0.00010585305890794289
182310.06767850742 0.00008774899516083727
199095.1369980479 0.00007289396733732376
217425.58752252837 0.000060604434718944223
237443.70064639123 0.00005041346866898923
259304.85744145093 0.0000419560814912807
283178.7447284849 0.00003493222374425125
309250.67219038395 0.00002909773426837653
337723.0107503352 0.000024243525855950277
368816.763379755 0.00002020267291571375
402773.2805286289 0.000016837404029542253
439856.13349346607 0.000014033441486893455
480353.1602639908 0.000011695684089161438
524578.6997284904 9.746165681824735e-6
572876.0315797634 8.120176665151941e-6
625620.0408602953 6.763466605686179e-6
683220.1278288963 5.631006428151566e-6
746123.385735289 4.686187847468365e-6
814818.0711685783 3.898047870547823e-6
889837.393916552 3.2405935266956906e-6
971763.655752773 2.691701303389769e-6
1.0612327702768466e6 2.23417117384787e-6
1.1589391988909608e6 1.8529773259905615e-6
1.265641341225859e6 1.5355524491331624e-6
1.3821674218568776e6 1.2708610084154879e-6
1.5094219190028557e6 1.205051149723722e-6
1.6483925851076744e6 1.205051149723722e-6
1.8001581137982768e6 1.205051149723722e-6
1.9658965127303659e6 1.205051149723722e-6
2.146894247311929e6 1.205051149723722e-6
2.3445562262784457e6 1.205051149723722e-6
2.5604167066280087e6 1.205051149723722e-6
2.796151202560765e6 1.205051149723722e-6
3.053589490860138e6 1.205051149723722e-6
3.334729813663874e6 1.205051149723722e-6
3.641754388867217e6 1.205051149723722e-6
3.9770463485502633e6 1.205051149723722e-6
4.343208236906094e6 1.205051149723722e-6
4.74308221125085e6 1.205051149723722e-6
5.179772102916709e6 1.205051149723722e-6
5.65666750926473e6 1.205051149723722e-6
6.1774701038204795e6 1.205051149723722e-6
6.74622236875225e6 1.205051149723722e-6
7.367338972714149e6 1.205051149723722e-6
8.045641037609573e6 1.205051149723722e-6
8.786393560254453e6 1.205051149723722e-6
9.595346279408216e6 1.205051149723722e-6
1.047877830538321e7 1.205051149723722e-6
1.1443546858648824e7 1.205051149723722e-6
1.2497140495740484e7 1.205051149723722e-6
1.3647737235614136e7 1.205051149723722e-6
1.4904268037624571e7 1.205051149723722e-6
1.6276486123845119e7 1.205051149723722e-6
1.7775042683810055e7 1.205051149723722e-6
1.941156954930202e7 1.205051149723722e-6
2.1198769480907988e7 1.205051149723722e-6
2.315051476715001e7 1.205051149723722e-6
2.5281954901519887e7 1.205051149723722e-6
2.7609634173209034e7 1.205051149723722e-6
3.015162008427614e7 1.205051149723722e-6
3.292764359002944e7 1.205051149723722e-6
3.595925225117257e7 1.205051149723722e-6
3.926997748648504e7 1.205051149723722e-6
4.288551722425658e7 1.205051149723722e-6
4.683393537021912e7 1.205051149723722e-6
5.1145879640253864e7 1.205051149723722e-6
5.5854819448692776e7 1.205051149723722e-6
6.099730569871148e7 1.205051149723722e-6
6.661325449131209e7 1.205051149723722e-6
7.274625695505208e7 1.205051149723722e-6
7.944391760142337e7 1.205051149723722e-6
8.675822383220825e7 1.205051149723722e-6
9.474594946693175e7 1.205051149723722e-6
1.0346909542260392e8 1.205051149723722e-6
1.1299537096631785e8 1.205051149723722e-6
1.2339871927619502e8 1.205051149723722e-6
1.3475989139010116e8 1.205051149723722e-6
1.4716707299712768e8 1.205051149723722e-6
1.6071656893701547e8 1.205051149723722e-6
1.7551355072061998e8 1.205051149723722e-6
1.9167287287368572e8 1.205051149723722e-6
2.0931996444042033e8 1.205051149723722e-6
2.285918025667265e8 1.205051149723722e-6
2.4963797572007817e8 1.205051149723722e-6
2.72621844798775e8 1.205051149723722e-6
2.9772181114313513e8 1.205051149723722e-6
3.2513270129095155e8 1.205051149723722e-6
3.5506727922573507e8 1.205051149723722e-6
3.877578978558277e8 1.205051149723722e-6
4.234583025432233e8 1.205051149723722e-6
4.624456006811257e8 1.205051149723722e-6
5.0502241260813993e8 1.205051149723722e-6
5.515192205545743e8 1.205051149723722e-6
6.022969338533916e8 1.205051149723722e-6
6.577496903270674e8 1.205051149723722e-6
7.183079155947738e8 1.205051149723722e-6
7.844416640463114e8 1.205051149723722e-6
8.566642674154886e8 1.205051149723722e-6
9.355363192733091e8 1.205051149723722e-6
1.0216700263686365e9 1.205051149723722e-6
1.115733960591593e9 1.205051149723722e-6
1.2184582484445322e9 1.205051149723722e-6
1.3306402383013542e9 1.205051149723722e-6
1.4531506894446435e9 1.205051149723722e-6
1.5869405309199824e9 1.205051149723722e-6
1.7330482426699016e9 1.205051149723722e-6
1.8926079162399793e9 1.205051149723722e-6
2.0668580576244915e9 1.205051149723722e-6
2.257151200579465e9 1.205051149723722e-6
2.464964405022018e9 1.205051149723722e-6
2.69191072200466e9 1.205051149723722e-6
2.939751714256061e9 1.205051149723722e-6
3.21041112947301e9 1.205051149723722e-6
3.505989832495894e9 1.205051149723722e-6
3.8287821122718062e9 1.205051149723722e-6
4.1812934901800585e9 1.205051149723722e-6
4.566260167948935e9 1.205051149723722e-6
4.986670266118808e9 1.205051149723722e-6
5.445787017905112e9 1.205051149723722e-6
5.947174098492351e9 1.205051149723722e-6
6.494723286366058e9 1.205051149723722e-6
7.092684671390201e9 1.205051149723722e-6
7.745699644106153e9 1.205051149723722e-6
8.458836922316884e9 1.205051149723722e-6
9.23763189459538e9 1.205051149723722e-6
1.008812958610305e10 1.205051149723722e-6
1.1016931580219173e10 1.205051149723722e-6
1.2031247260188663e10 1.205051149723722e-6
1.3138949768526937e10 1.205051149723722e-6
1.4348637118539803e10 1.205051149723722e-6
1.5669698932308243e10 1.205051149723722e-6
1.7112389323158909e10 1.205051149723722e-6
1.8687906488336517e10 1.205051149723722e-6
2.0408479629678127e10 1.205051149723722e-6
2.2287463876969753e10 1.205051149723722e-6
2.4339443950782127e10 1.205051149723722e-6
2.658034736942038e10 1.205051149723722e-6
2.9027568078700897e10 1.205051149723722e-6
3.170010146417395e10 1.205051149723722e-6
3.4618691793759834e10 1.205051149723722e-6
3.780599323525096e10 1.205051149723722e-6
4.128674569850377e10 1.205051149723722e-6
4.508796686720891e10 1.205051149723722e-6
4.923916191079699e10 1.205051149723722e-6
5.377255250426787e10 1.205051149723722e-6
5.872332693360123e10 1.205051149723722e-6
6.4129913228071205e10 1.205051149723722e-6
7.00342774395281e10 1.205051149723722e-6
7.648224938389355e10 1.205051149723722e-6
8.35238783732856e10 1.205051149723722e-6
9.121382169997429e10 1.205051149723722e-6
9.961176888758717e10 1.205051149723722e-6
1.0878290500261845e11 1.205051149723722e-6
1.1879841662246936e11 1.205051149723722e-6
1.2973604438736118e11 1.205051149723722e-6
1.4168068642504007e11 1.205051149723722e-6