#Columns: M_EDO [M_sun], f_EDO
6200.659521114601 1.
6767.649913929503 0.7997233356925089
7386.48609902662 0.639488860880501
8061.908873095673 0.5113394549830097
8799.092532870762 0.40888237258318316
9603.684514520202 0.3270209251300293
10481.848657675637 0.26162576694191575
11440.312425538452 0.20938138523159242
12486.418442808585 0.1676400818069902
13628.18074625894 0.1343126511589812
14874.346178881331 0.1076920360745812
16234.461397933526 0.08641165331614664
17718.946010224892 0.0693925360823445
19339.17239491722 0.0557876717357438
21107.55282534897 0.04490725779643627
23037.634557308793 0.03618981586932895
25144.203612212572 0.029199633942730917
27443.398050249343 0.023594665237307275
29952.83160126131 0.01910089383635384
32691.728600473543 0.015486546359223375
35681.0712627923 0.01257610448785507
38943.76042391411 0.010230998067830463
42504.79097965661 0.00838623782016292
46391.44336752041 0.006889081021412904
50633.492557389945 0.0056690758743547206
55263.43615241332 0.0046723882073319385
60316.743347504285 0.0038586940519348377
65832.1266526934 0.0031905324257735256
71851.83846295289 0.0026409843839944134
78421.99474646705 0.0021882997949997005
85592.92833106649 0.0018153321986836472
93419.57449529356 0.0015070153480362775
101961.89181804295 0.0012517619229487724
111285.32151083635 0.001040048796022501
121461.28875159533 0.0008632613046095724
132567.74986054085 0.0007164041895354517
144689.7895100434 0.000594556714027135
157920.2725435413 0.0004934881169943786
172360.55539700214 0.0004096264107967008
188121.26257299865 0.00034000558023212655
205323.1341158382 0.00028219403434949627
224097.95058010376 0.00023418300024985014
244589.5425786254 0.00019430040406421447
266954.8926438625 0.00016115633876227268
291365.3378438586 0.00013362332752688824
318007.8823658068 0.00011071957255833424
347086.63012269296 0.00009162094065552096
378824.34835797653 0.00007563810027072065
413464.1742268111 0.00006241559305982798
451271.4774276183 0.00005148873587345606
492535.8931533274 0.000042463411384544624
537573.5409363557 0.00003501008207142294
586729.4463855257 0.00002886141472534712
640380.18436741 0.000023790590729153684
698936.7638810831 0.000019609785574307744
762847.7767267749 0.000016164149617944844
832602.8340898575 0.000013325278388401351
908736.3173672229 0.000010986499207813394
991831.4719704842 9.059805201222554e-6
1.0825248754679314e6 7.473312072751784e-6
1.1815113142948656e6 6.166836509301139e-6
1.2895491063920013e6 5.0905867755067e-6
1.40746591054768e6 4.2038405307064676e-6
1.5361650669483163e6 3.4734992132076445e-6
1.676632517510898e6 2.8719002680771568e-6
1.8299443590130175e6 2.37587770102295e-6
1.997275086883673e6 1.9667459816178563e-6
2.179906592809032e6 1.629327655372092e-6
2.379237985082354e6 1.351108903229101e-6
2.596796306929948e6 1.2487401042865e-6
2.834248234924512e6 1.2487401042865e-6
3.0934128471053056e6 1.2487401042865e-6
3.3762755586195155e6 1.2487401042865e-6
3.6850033316434e6 1.2487401042865e-6
4.021961276103655e6 1.2487401042865e-6
4.389730768374446e6 1.2487401042865e-6
4.791129226754067e6 1.2487401042865e-6
5.229231695217933e6 1.2487401042865e-6
5.707394400797165e6 1.2487401042865e-6
6.229280465051797e6 1.2487401042865e-6
6.798887966609804e6 1.2487401042865e-6
7.420580569753996e6 1.2487401042865e-6
8.099120953697411e6 1.2487401042865e-6
8.839707298642682e6 1.2487401042865e-6
9.648013108139103e6 1.2487401042865e-6
1.0530230672809362e7 1.2487401042865e-6
1.1493118508414049e7 1.2487401042865e-6
1.2544053131668868e7 1.2487401042865e-6
1.3691085570459727e7 1.2487401042865e-6
1.494300304137129e7 1.2487401042865e-6
1.630939626702908e7 1.2487401042865e-6
1.7800732948962323e7 1.2487401042865e-6
1.9428437958849918e7 1.2487401042865e-6
2.1204980862480912e7 1.2487401042865e-6
2.3143971446935628e7 1.2487401042865e-6
2.5260263982803795e7 1.2487401042865e-6
2.75700710201758e7 1.2487401042865e-6
3.0091087590176802e7 1.2487401042865e-6
3.284262676353159e7 1.2487401042865e-6
3.584576760464988e7 1.2487401042865e-6
3.912351665468294e7 1.2487401042865e-6
4.2700984180645704e7 1.2487401042865e-6
4.660557654081691e7 1.2487401042865e-6
5.0867206140097514e7 1.2487401042865e-6
5.551852058375631e7 1.2487401042865e-6
6.0595152785072245e7 1.2487401042865e-6
6.613599394290296e7 1.2487401042865e-6
7.218349148041497e7 1.2487401042865e-6
7.87839742274301e7 1.2487401042865e-6
8.598800733755636e7 1.2487401042865e-6
9.38507796590607e7 1.2487401042865e-6
1.024325265270634e8 1.2487401042865e-6
1.1179899121599431e8 1.2487401042865e-6
1.2202192858741598e8 1.2487401042865e-6
1.3317965479157552e8 1.2487401042865e-6
1.4535764723384652e8 1.2487401042865e-6
1.586491994023092e8 1.2487401042865e-6
1.731561355729823e8 1.2487401042865e-6
1.8898959086794242e8 1.2487401042865e-6
2.0627086264222005e8 1.2487401042865e-6
2.2513233972180003e8 1.2487401042865e-6
2.4571851661145732e8 1.2487401042865e-6
2.681871004420985e8 1.2487401042865e-6
2.927102191377394e8 1.2487401042865e-6
3.1947574005768377e8 1.2487401042865e-6
3.4868870921577406e8 1.2487401042865e-6
3.8057292210234725e8 1.2487401042865e-6
4.1537263814267087e8 1.2487401042865e-6
4.533544519260445e8 1.2487401042865e-6
4.9480933554070395e8 1.2487401042865e-6
5.400548676605319e8 1.2487401042865e-6
5.894376664602e8 1.2487401042865e-6
6.433360449968909e8 1.2487401042865e-6
7.021629094010195e8 1.2487401042865e-6
7.663689220784868e8 1.2487401042865e-6
8.36445954157215e8 1.2487401042865e-6
9.129308536265525e8 1.2487401042865e-6
9.964095580366114e8 1.2487401042865e-6
1.0875215832642367e9 1.2487401042865e-6
1.1869649227332034e9 1.2487401042865e-6
1.2955013946208007e9 1.2487401042865e-6
1.413962478014755e9 1.2487401042865e-6
1.5432556827303426e9 1.2487401042865e-6
1.6843715015856616e9 1.2487401042865e-6
1.8383909983953528e9 1.2487401042865e-6
2.0064940898129904e9 1.2487401042865e-6
2.189968584467933e9 1.2487401042865e-6
2.3902200486438894e9 1.2487401042865e-6
2.608782574078451e9 1.2487401042865e-6
2.84733053037384e9 1.2487401042865e-6
3.1076913920520415e9 1.2487401042865e-6
3.391859738520173e9 1.2487401042865e-6
3.702012534197451e9 1.2487401042865e-6
4.0405258058619823e9 1.2487401042865e-6
4.40999284497987e9 1.2487401042865e-6
4.813244074461441e9 1.2487401042865e-6
5.253368732040181e9 1.2487401042865e-6
5.733738536387317e9 1.2487401042865e-6
6.258033517263777e9 1.2487401042865e-6
6.830270207589976e9 1.2487401042865e-6
7.454832413407926e9 1.2487401042865e-6
8.136504797459047e9 1.2487401042865e-6
8.880509533655628e9 1.2487401042865e-6
9.692546313249495e9 1.2487401042865e-6
1.057883600917819e10 1.2487401042865e-6
1.1546168333093624e10 1.2487401042865e-6
1.2601953850165691e10 1.2487401042865e-6
1.3754280750136553e10 1.2487401042865e-6
1.501197680953964e10 1.2487401042865e-6
1.6384677019764887e10 1.2487401042865e-6
1.7882897399056408e10 1.2487401042865e-6
1.9518115553904728e10 1.2487401042865e-6
2.1302858606999496e10 1.2487401042865e-6
2.3250799165343834e10 1.2487401042865e-6
2.5376860063725357e10 1.2487401042865e-6
2.769732868596543e10 1.2487401042865e-6
3.0229981739741924e10 1.2487401042865e-6
3.2994221440863712e10 1.2487401042865e-6
3.601122415028109e10 1.2487401042865e-6
3.930410260251424e10 1.2487401042865e-6
4.289808296830461e10 1.2487401042865e-6
4.682069810793308e10 1.2487401042865e-6
5.1101998495687965e10 1.2487401042865e-6
5.5774782431337555e10 1.2487401042865e-6
6.0874847302215294e10 1.2487401042865e-6
6.644126382079658e10 1.2487401042865e-6
7.251667533865085e10 1.2487401042865e-6
7.914762452976237e10 1.2487401042865e-6
8.638490994588376e10 1.2487401042865e-6
9.428397517543095e10 1.2487401042865e-6
1.0290533358719862e11 1.2487401042865e-6
1.1231503191278366e11 1.2487401042865e-6
1.2258515621914099e11 1.2487401042865e-6
1.337943841474427e11 1.2487401042865e-6
1.460285876488391e11 1.2487401042865e-6
1.593814908345858e11 1.2487401042865e-6
1.739553879802041e11 1.2487401042865e-6
1.8986192718418808e11 1.2487401042865e-6
2.0722296568471967e11 1.2487401042865e-6
2.261715033868397e11 1.2487401042865e-6
2.4685270175165353e11 1.2487401042865e-6