#Columns: M_EDO [M_sun], f_EDO
16230.259905287267 1.
17693.977656124276 0.7751664701227514
19289.700049315656 0.6032801082308372
21029.331856524543 0.4713348562012578
22925.85147520363 0.369644385079012
24993.40775299168 0.29145875682573424
27247.425544169728 0.23059188402563333
29704.72078567227 0.1830384460611024
32383.62595117005 0.14575702427377374
35304.12681916621 0.11659298101447432
38488.01157545285 0.09352637498625462
41959.03336229795 0.07522670805077175
45743.08748704749 0.06066577514298128
49868.40461219531 0.04910079067094883
54365.761368202366 0.03982876772732757
59268.709960324624 0.03237623783132624
64613.82848241781 0.02637147971381223
70440.99380516444 0.021539368086688195
76793.67907458707 0.017621380704195274
83719.2780403152 0.0144381950677409
91269.45863323032 0.011847026197961486
99500.54843033351 0.00973733562654445
108473.95488256509 0.008010085905042605
118256.62344065636 0.006594894341181155
128921.53699683104 0.005434499269179307
140548.26036840086 0.0044830311499217445
153223.53388533773 0.0037001300846174643
167041.92051024252 0.003055330818612398
182106.51131849544 0.00252382069991407
198529.6946017803 0.0020853850781796662
216433.9943328165 0.001723157697525585
235952.984246607 0.0014237632664140464
257232.28435764357 0.0011762172308435934
280430.6473475042 0.0009698486795964214
305721.1429277714 0.0007980265327163871
333292.4490141139 0.0006558436832630008
363350.2593442475 0.0005387977238319354
396118.81804121344 0.0004424211681874434
431842.5925704567 0.0003631755630519349
470788.09757170046 0.00029804027556554094
513245.8831721648 0.00024452200839389506
559532.7026148025 0.0002005437219781318
609993.8753729978 0.00016444210182705882
665005.863381548 0.00013481457332249142
724979.0796037458 0.0001105064381833949
790360.9498876476 0.00009059001381880354
861639.2509542918 0.00007426321375850522
939345.7494207073 0.000060875553242481106
1.0240601690063403e6 0.00004989568280616136
1.116414515520004e6 0.00004088968622767798
1.2170977918935656e6 0.000033505908384055996
1.3268611384385454e6 0.00002745284210230536
1.44652343667418e6 0.000022491219832039618
1.5769774185338297e6 0.00001842395399088277
1.7191963265271108e6 0.000015091013119685927
1.8742411745453367e6 0.000012360076680581447
2.043268663479016e6 0.000010122612952931246
2.2275398107013074e6 8.289371483277755e-6
2.428429357797066e6 6.787740264451112e-6
2.647436026723134e6 5.557826123996673e-6
2.8861937009152626e6 4.550533432576143e-6
3.1464836147574624e6 3.725551239461589e-6
3.430247642352483e6 3.0500174858979606e-6
3.739602784733319e6 2.496888564540041e-6
4.0768569635965e6 2.044007665660309e-6
4.444526239385229e6 1.6732087644780766e-6
4.845353582176572e6 1.3696519295632833e-6
5.282329335411621e6 1.1985268276697784e-6
5.758713525136783e6 1.1985268276697784e-6
6.278060181192607e6 1.1985268276697784e-6
6.844243851796753e6 1.1985268276697784e-6
7.461488509331083e6 1.1985268276697784e-6
8.134399062982563e6 1.1985268276697784e-6
8.867995713335697e6 1.1985268276697784e-6
9.667751405216357e6 1.1985268276697784e-6
1.0539632658201411e7 1.1985268276697784e-6
1.1490144079407033e7 1.1985268276697784e-6
1.2526376890640326e7 1.1985268276697784e-6
1.3656061831947505e7 1.1985268276697784e-6
1.4887626836241595e7 1.1985268276697784e-6
1.6230259905287268e7 1.1985268276697784e-6
1.7693977656124312e7 1.1985268276697784e-6
1.9289700049315657e7 1.1985268276697784e-6
2.1029331856524546e7 1.1985268276697784e-6
2.2925851475203585e7 1.1985268276697784e-6
2.499340775299168e7 1.1985268276697784e-6
2.7247425544169784e7 1.1985268276697784e-6
2.970472078567227e7 1.1985268276697784e-6
3.238362595117005e7 1.1985268276697784e-6
3.530412681916614e7 1.1985268276697784e-6
3.848801157545285e7 1.1985268276697784e-6
4.1959033362298034e7 1.1985268276697784e-6
4.5743087487047486e7 1.1985268276697784e-6
4.9868404612195306e7 1.1985268276697784e-6
5.4365761368202254e7 1.1985268276697784e-6
5.926870996032463e7 1.1985268276697784e-6
6.461382848241781e7 1.1985268276697784e-6
7.044099380516444e7 1.1985268276697784e-6
7.679367907458706e7 1.1985268276697784e-6
8.371927804031503e7 1.1985268276697784e-6
9.126945863323031e7 1.1985268276697784e-6
9.950054843033351e7 1.1985268276697784e-6
1.0847395488256508e8 1.1985268276697784e-6
1.1825662344065636e8 1.1985268276697784e-6
1.2892153699683103e8 1.1985268276697784e-6
1.4054826036840057e8 1.1985268276697784e-6
1.5322353388533804e8 1.1985268276697784e-6
1.6704192051024252e8 1.1985268276697784e-6
1.8210651131849542e8 1.1985268276697784e-6
1.985296946017803e8 1.1985268276697784e-6
2.164339943328161e8 1.1985268276697784e-6
2.3595298424660745e8 1.1985268276697784e-6
2.5723228435764357e8 1.1985268276697784e-6
2.8043064734750426e8 1.1985268276697784e-6
3.057211429277714e8 1.1985268276697784e-6
3.3329244901411325e8 1.1985268276697784e-6
3.633502593442483e8 1.1985268276697784e-6
3.9611881804121345e8 1.1985268276697784e-6
4.318425925704567e8 1.1985268276697784e-6
4.7078809757170045e8 1.1985268276697784e-6
5.132458831721638e8 1.1985268276697784e-6
5.595327026148037e8 1.1985268276697784e-6
6.099938753729979e8 1.1985268276697784e-6
6.650058633815479e8 1.1985268276697784e-6
7.249790796037458e8 1.1985268276697784e-6
7.903609498876461e8 1.1985268276697784e-6
8.616392509542935e8 1.1985268276697784e-6
9.393457494207073e8 1.1985268276697784e-6
1.0240601690063403e9 1.1985268276697784e-6
1.1164145155200043e9 1.1985268276697784e-6
1.217097791893563e9 1.1985268276697784e-6
1.326861138438548e9 1.1985268276697784e-6
1.4465234366741798e9 1.1985268276697784e-6
1.57697741853383e9 1.1985268276697784e-6
1.7191963265271108e9 1.1985268276697784e-6
1.874241174545333e9 1.1985268276697784e-6
2.0432686634790158e9 1.1985268276697784e-6
2.2275398107013073e9 1.1985268276697784e-6
2.428429357797066e9 1.1985268276697784e-6
2.647436026723134e9 1.1985268276697784e-6
2.8861937009152565e9 1.1985268276697784e-6
3.146483614757462e9 1.1985268276697784e-6
3.430247642352483e9 1.1985268276697784e-6
3.7396027847333193e9 1.1985268276697784e-6
4.0768569635965e9 1.1985268276697784e-6
4.44452623938522e9 1.1985268276697784e-6
4.845353582176572e9 1.1985268276697784e-6
5.282329335411621e9 1.1985268276697784e-6
5.758713525136783e9 1.1985268276697784e-6
6.278060181192607e9 1.1985268276697784e-6
6.84424385179674e9 1.1985268276697784e-6
7.461488509331083e9 1.1985268276697784e-6
8.134399062982563e9 1.1985268276697784e-6
8.867995713335697e9 1.1985268276697784e-6
9.667751405216356e9 1.1985268276697784e-6
1.053963265820139e10 1.1985268276697784e-6
1.1490144079407032e10 1.1985268276697784e-6
1.2526376890640326e10 1.1985268276697784e-6
1.3656061831947506e10 1.1985268276697784e-6
1.4887626836241594e10 1.1985268276697784e-6
1.6230259905287233e10 1.1985268276697784e-6
1.769397765612431e10 1.1985268276697784e-6
1.928970004931566e10 1.1985268276697784e-6
2.1029331856524544e10 1.1985268276697784e-6
2.2925851475203587e10 1.1985268276697784e-6
2.499340775299163e10 1.1985268276697784e-6
2.7247425544169785e10 1.1985268276697784e-6
2.970472078567227e10 1.1985268276697784e-6
3.2383625951170048e10 1.1985268276697784e-6
3.530412681916614e10 1.1985268276697784e-6
3.8488011575452774e10 1.1985268276697784e-6
4.1959033362298035e10 1.1985268276697784e-6
4.5743087487047485e10 1.1985268276697784e-6
4.9868404612195305e10 1.1985268276697784e-6
5.4365761368202255e10 1.1985268276697784e-6
5.926870996032451e10 1.1985268276697784e-6
6.461382848241794e10 1.1985268276697784e-6
7.044099380516444e10 1.1985268276697784e-6
7.679367907458707e10 1.1985268276697784e-6
8.371927804031503e10 1.1985268276697784e-6
9.126945863323013e10 1.1985268276697784e-6
9.950054843033372e10 1.1985268276697784e-6
1.0847395488256508e11 1.1985268276697784e-6
1.1825662344065636e11 1.1985268276697784e-6
1.2892153699683104e11 1.1985268276697784e-6
1.4054826036840057e11 1.1985268276697784e-6
1.5322353388533804e11 1.1985268276697784e-6
1.6704192051024252e11 1.1985268276697784e-6
1.8210651131849542e11 1.1985268276697784e-6
1.9852969460178027e11 1.1985268276697784e-6
2.1643399433281607e11 1.1985268276697784e-6
2.3595298424660745e11 1.1985268276697784e-6
2.5723228435764252e11 1.1985268276697784e-6
2.804306473475042e11 1.1985268276697784e-6
3.057211429277714e11 1.1985268276697784e-6
3.332924490141132e11 1.1985268276697784e-6
3.633502593442483e11 1.1985268276697784e-6
3.9611881804121185e11 1.1985268276697784e-6
4.3184259257045667e11 1.1985268276697784e-6
4.7078809757170044e11 1.1985268276697784e-6
5.1324588317216376e11 1.1985268276697784e-6