#Columns: M [M_sun], f_EDO
1.e-11 3.178886094208932
1.2932028905404119e-11 1.7288422311519591
1.6723737161020765e-11 1.1638387050795875
2.1627185237270245e-11 0.8661290278282953
2.7968338463090806e-11 0.5129102152236709
3.616873614408161e-11 0.3389346592015122
4.6773514128719814e-11 0.2321130722627552
6.048764367199325e-11 0.15878936029227173
7.822279563860014e-11 0.1026395952626226
1.0115794542598963e-10 0.06528986548741542
1.3081774742601954e-10 0.04140193576579497
1.69173889105314e-10 0.02607762732012913
2.1877616239495518e-10 0.01679638837141901
2.829219655904946e-10 0.011467109868573576
3.658755036990026e-10 0.008533579679190415
4.731512589614812e-10 0.006846150986000764
6.118805757518225e-10 0.0057549740516957965
7.912857292277884e-10 0.005127099586067378
1.0232929922807536e-9 0.004893200476671848
1.323325455487218e-9 0.004920264995330044
1.7113283041617845e-9 0.0051291877329389425
2.213094709605632e-9 0.00547926475647869
2.8619804755017084e-9 0.005959432789964372
3.701121423589032e-9 0.006560102679365027
4.78630092322638e-9 0.007312342396395331
6.189658188912597e-9 0.008165922656273887
8.004483861358902e-9 0.009042984462664565
1.0351421666793451e-8 0.009989702586432062
1.338648842069994e-8 0.011097326367285106
1.7311445519834918e-8 0.01241055860409584
2.2387211385683378e-8 0.013943929411721947
2.8951206475104964e-8 0.015730629705106195
3.7439783898238104e-8 0.01783542627363577
4.841723675840999e-8 0.020272965440687015
6.261331052795528e-8 0.022982692993133148
8.097171416105618e-8 0.025899331761243857
1.0471285480508985e-7 0.02901925676718891
1.3541496651068094e-7 0.0323831669264806
1.7511902611404566e-7 0.036049021115985756
2.2646443075930573e-7 0.04008962887573257
2.928644564625237e-7 0.044599211190143324
3.7873316163388233e-7 0.04972612022223256
4.897788193684457e-7 0.05565013572854328
6.333833849327455e-7 0.06262469068900238
8.190932242152968e-7 0.0709123630681262
1.0592537251772875e-6 0.08092265788261266
1.3698299792149702e-6 0.09322943315713948
1.7714680886697119e-6 0.10849871827471091
2.29086765276777e-6 0.12767365383220494
2.962556670404815e-6 0.15212631408808042
3.831186849557285e-6 0.1835773176577269
4.954501908047905e-6 0.22410177751219676
6.407176188675537e-6 0.2768346322911759
8.285778767396904e-6 0.34475849931824487
0.00001071519305237607 0.4354247023124278
0.000013856918628031273 0.5516039727885509
0.00001791980722375332 0.7073510277302374
0.000023173946499684798 0.9073337327637481
0.00002996861459862124 1.1672523335018972
0.000038755499024428575 1.5055408959080057
0.00005011872336272725 1.9518329645519963