#Columns: M [M_sun], f_EDO
5.754399373371567e-10 51.30392685230193
7.161434102129027e-10 10.270618813516828
8.912509381337441e-10 3.9498893808057103
1.109174815262401e-9 1.8311626297340975
1.3803842646028867e-9 0.8944673705671289
1.717908387157586e-9 0.44245248150992816
2.1379620895022324e-9 0.2210573247826986
2.660725059798814e-9 0.11722574761152105
3.3113112148259078e-9 0.06788546023216413
4.120975190973304e-9 0.043202089159975504
5.128613839913658e-9 0.029070087171684054
6.3826348619054826e-9 0.020484846180603696
7.943282347242822e-9 0.01615075820547528
9.885530946569411e-9 0.01419882144921941
1.2302687708123811e-8 0.013576090218574942
1.5310874616820318e-8 0.013725332114851987
1.9054607179632482e-8 0.014400122977193064
2.371373705661655e-8 0.015500299772313687
2.95120922666639e-8 0.01697749004600066
3.6728230049808426e-8 0.018810359641496924
4.570881896148752e-8 0.020970422114567722
5.688529308438413e-8 0.023406733697214903
7.079457843841373e-8 0.02603628837341734
8.810488730080147e-8 0.028724649068114366
1.0964781961431852e-7 0.03140970538191496
1.3645831365889239e-7 0.03408391129041256
1.6982436524617461e-7 0.03683906318220469
2.1134890398366478e-7 0.03980951466917752
2.6302679918953816e-7 0.04310028107899856
3.273406948788386e-7 0.04665259709342044
4.073802778041122e-7 0.050699706827544336
5.069907082747045e-7 0.05539251622498381
6.30957344480193e-7 0.060925289203188515
7.85235634610071e-7 0.06748119952597861
9.77237220955811e-7 0.07522272054923924
1.2161860006463678e-6 0.08446880855041192
1.5135612484362072e-6 0.09559623687534172
1.883649089489802e-6 0.1090254791504221
2.3442288153199226e-6 0.1255142678311813
2.917427014001166e-6 0.14567206252783133
3.6307805477010175e-6 0.17070608340254706
4.518559443749226e-6 0.20210372502208399
5.623413251903491e-6 0.24047999454650973
6.998419960022731e-6 0.2885004179173339
8.709635899560814e-6 0.35021651293212314
0.000010839269140212039 0.4280729860095088
0.000013489628825916533 0.5228073217390106
0.000016788040181225588 0.6448079850058352
0.00002089296130854041 0.796607404614183
0.00002600159563165272 0.9918176748013999
0.00003235936569296281 1.229597141534403
0.00004027170343254595 1.520713947931109
0.00005011872336272725 1.8862013003081846