#Columns: M [M_sun], f_EDO
7.079457843841373e-8 1.8915846416790203
1.0592537251772897e-7 0.44871333846299893
1.584893192461114e-7 0.2576373843507527
2.3713737056616554e-7 0.19040262214841447
3.548133892335753e-7 0.15643285122213033
5.308844442309879e-7 0.14010010966664213
7.943282347242822e-7 0.1358897941717922
1.1885022274370189e-6 0.14233049461123878
1.778279410038923e-6 0.16013552605026185
2.660725059798814e-6 0.19152508565852527
3.981071705534969e-6 0.2410939230357417
5.956621435290109e-6 0.31630079842972786
8.91250938133746e-6 0.4301331908872164
0.00001333521432163324 0.6026563215472772
0.00001995262314968883 0.8629104840837015
0.00002985382618917957 1.2588773454691295
0.00004466835921509635 1.8541869259439487
0.00006683439175686149 2.7534085620841204
0.0001000000000000001 4.1062596570062