#Columns: M_EDO [M_sun], f_EDO
1.e-7 1.
1.1748975549395303e-7 1.
1.380384264602884e-7 1.
1.6218100973589298e-7 1.
1.9054607179632483e-7 1.
2.2387211385683377e-7 1.
2.6302679918953816e-7 1.
3.090295432513592e-7 1.
3.6307805477010174e-7 1.
4.2657951880159254e-7 1.
5.011872336272725e-7 1.
5.888436553555896e-7 1.
6.918309709189363e-7 1.
8.128305161640995e-7 1.
9.549925860214369e-7 1.
1.122018454301963e-6 1.
1.3182567385564074e-6 1.
1.5488166189124828e-6 1.
1.8197008586099826e-6 1.
2.1379620895022326e-6 1.
2.5118864315095823e-6 1.
2.951209226666384e-6 1.
3.467368504525317e-6 0.8439041861895255
4.073802778041131e-6 0.6270557264850104
4.78630092322638e-6 0.46592834891962537
5.623413251903491e-6 0.3462040408176653
6.606934480075964e-6 0.3054863034582291
7.762471166286928e-6 0.2695574591797526
9.120108393559096e-6 0.23785427685918986
0.00001071519305237607 0.21270882252602816
0.000012589254117941688 0.19364811742709
0.000014791083881682072 0.17629543023993488
0.000017378008287493764 0.16049770654334192
0.000020417379446695318 0.14868044466604058
0.0000239883291901949 0.13813330803836543
0.00002818382931264455 0.1283343672564365
0.000033113112148259144 0.1197037669057943
0.000038904514499428046 0.11276475137475139
0.000045708818961487516 0.10622797829425677
0.000053703179637025325 0.10007013038128967
0.00006309573444801943 0.09495035306848715
0.00007413102413009176 0.09035232444326351
0.00008709635899560814 0.08597695815214541
0.00010232929922807547 0.08190262651211341
0.00012022644346174131 0.07853289871984434
0.00014125375446227554 0.07530181196849851
0.00016595869074375615 0.07220366213613703
0.00019498445997580475 0.06947349274096891
0.00022908676527677748 0.06702064811325578
0.00026915348039269167 0.06465440409435519
0.00031622776601683826 0.062371703146353014
0.0003715352290971728 0.06047961625639079
0.00043651583224016654 0.05864492707434055
0.0005128613839913654 0.05686589440274934
0.0006025595860743581 0.05525844037476177
0.0007079457843841388 0.05384918553452475
0.0008317637711026717 0.052475870890776516
0.000977237220955811 0.051137579861443475
0.001148153621496884 0.05007854797109254
0.0013489628825916547 0.04908157141598419
0.001584893192461114 0.04810444292540059
0.0018620871366628695 0.04727287868022154
0.0021877616239495542 0.04676696983932471
0.002570395782768867 0.04626647517591065
0.003019951720402019 0.045771336748082654
0.0035481338923357567 0.04563084438712171
0.00416869383470336 0.04563084438712171
0.004897788193684466 0.04563084438712171
0.005754399373371578 0.04563084438712171
0.006760829753919825 0.045630844387121734
0.00794328234724282 0.045630844387121755
0.009332543007969924 0.04563084438712178
0.010964781961431863 0.04563084438712178
0.012882495516931356 0.04563084438712178
0.015135612484362102 0.04563084438712178
0.017782794100389247 0.04563084438712178
0.02089296130854042 0.04563084438712178
0.024547089156850336 0.04563084438712178
0.028840315031266085 0.04563084438712178
0.03388441561392029 0.04563084438712178
0.039810717055349776 0.04563084438712178
0.046773514128719884 0.04563084438712178
0.05495408738576254 0.04563084438712178
0.06456542290346562 0.04563084438712178
0.07585775750291847 0.04563084438712178
0.08912509381337468 0.04563084438712178
0.10471285480509009 0.04563084438712178
0.1230268770812383 0.04563084438712178
0.14454397707459293 0.04563084438712178
0.1698243652461747 0.04563084438712178
0.19952623149688822 0.04563084438712178
0.2344228815319925 0.04563084438712178
0.275422870333817 0.04563084438712178
0.3235936569296287 0.04563084438712178
0.38018939632056176 0.04563084438712178
0.44668359215096376 0.04563084438712178
0.5248074602497733 0.04563084438712178
0.6165950018614831 0.04563084438712178
0.7244359600749911 0.04563084438712178
0.8511380382023778 0.04563084438712178
1.0000000000000016 0.04563084438712178
1.1748975549395313 0.04563084438712178
1.380384264602887 0.04563084438712178
1.6218100973589324 0.04563084438712178
1.9054607179632501 0.0464747760321753
2.2387211385683434 0.048505148582368526
2.630267991895386 0.05062422328552585
3.0902954325135954 0.05283587532797195
3.6307805477010193 0.05566495215669747
4.265795188015934 0.058737461513340875
5.011872336272731 0.06197956256782831
5.888436553555899 0.06540061618472975
6.918309709189376 0.06901049991537882
8.128305161641007 0.07281963651716286
9.549925860214376 0.07683902404697732
11.220184543019652 0.08108026761573298
13.182567385564095 0.08555561289559993
15.488166189124843 0.0902779814767336
18.197008586099862 0.09526100817556775
21.379620895022356 0.10051908040239349
25.11886431509585 0.10606737970189056
29.512092266663917 0.1119219255865491
34.67368504525324 0.1180996217895421
40.73802778041134 0.12461830507059393
47.86300923226393 0.1314967967157605
56.23413251903502 0.13875495687981623
66.06934480075971 0.14641374192814918
77.62471166286932 0.15449526494372734
91.20108393559116 0.1630228595738359
107.15193052376081 0.17202114740092966
125.89254117941701 0.1815161090321201
147.910838816821 0.19153515911255012
173.780082874938 0.20210722547924492
204.17379446695338 0.21326283268397506
239.8832919019495 0.2250341901262888
281.83829312644605 0.23745528505117683
331.13112148259177 0.25056198067988006
389.04514499428126 0.26439211975717386
457.0881896148761 0.27898563381409675
537.0317963702538 0.2943846584615969
630.9573444801943 0.310633655047983
741.3102413009192 0.32777953903143725
870.9635899560823 0.34587181543823864
1023.2929922807567 0.3649627217978046
1202.2644346174156 0.3851073789672417
1412.537544622757 0.4063639502808828
1659.5869074375648 0.4287938094843163
1949.8445997580495 0.452461717937783
2290.8676527677794 0.47743601160057786
2691.534803926922 0.5037887983363296
3162.277660168386 0.5315961661088403
3715.3522909717353 0.5609384026695998
4365.1583224016695 0.5919002273712775
5128.613839913659 0.6245710357765045
6025.595860743593 0.659045157768198
7079.457843841395 0.6954221299066655
8317.637711026726 0.7338069828198647
9772.372209558132 0.7743105444565925
11481.536214968864 0.8170497600781814
13489.628825916561 0.8621480299126122
15848.931924611174 0.9097355654459461
18620.871366628733 0.9495881643103482
21877.616239495565 0.9646557952040725
25703.9578276887 0.9799625123767571
30199.517204020252 0.9955121095401797
35481.3389233576 1.
41686.93834703363 1.
48977.881936844766 1.
57543.9937337159 1.
67608.29753919832 1.
79432.82347242838 1.
93325.43007969944 1.
109647.81961431874 1.
128824.95516931375 1.
151356.12484362134 1.
177827.94100389266 1.
208929.6130854045 1.
245470.89156850387 1.
288403.15031266114 1.
338844.1561392034 1.
398107.17055349855 1.
467735.14128719905 1.
549540.873857626 1.
645654.2290346576 1.
758577.5750291852 1.
891250.9381337477 1.
1.0471285480509028e6 1.
1.2302687708123862e6 1.
1.445439770745931e6 1.
1.6982436524617495e6 1.
1.995262314968887e6 1.
2.3442288153199274e6 1.
2.7542287033381746e6 1.
3.2359365692962944e6 1.
3.80189396320562e6 1.
4.466835921509644e6 1.
5.248074602497744e6 1.
6.165950018614835e6 1.
7.244359600749921e6 1.
8.511380382023795e6 1.
1.0000000000000041e7 1.