#Columns: M [M_sun], f_PBH
1.e-6 2.851283876415957
1.2589254117941661e-6 2.268408866103471
1.584893192461114e-6 1.8054153105490254
1.9952623149688787e-6 1.4376471061579967
2.5118864315095823e-6 1.14551924168343
3.162277660168379e-6 0.9134748222237125
3.981071705534969e-6 0.729156603599023
5.011872336272725e-6 0.5827489175034526
6.30957344480193e-6 0.4664549413887769
7.943282347242822e-6 0.3740814741354957
0.00001 0.3007091030097673
0.000012589254117941661 0.24243019411387554
0.00001584893192461114 0.19614074987104355
0.000019952623149688786 0.15937504592366078
0.000025118864315095822 0.13017424011652776
0.000031622776601683795 0.1069819615764917
0.000039810717055349695 0.08856133838316319
0.00005011872336272725 0.07392908945450774
0.00006309573444801929 0.06230325386545582
0.00007943282347242822 0.05306190270473429
0.0001 0.04571078448775831
0.00012589254117941674 0.039858256224889234
0.00015848931924611142 0.035196003523353676
0.0001995262314968881 0.03148394951921509
0.0002511886431509582 0.028537632344925602
0.00031622776601683794 0.02621661625023287
0.00039810717055349735 0.024413428167167097
0.0005011872336272725 0.023043675704541973
0.0006309573444801936 0.02203856476953025
0.0007943282347242822 0.021340585570903767
0.001 0.020902058508185346
0.0012589254117941675 0.020685258280380526
0.001584893192461114 0.02066259365266614
0.0019952623149688807 0.020815932057824747
0.002511886431509582 0.021135043865819256
0.0031622776601683794 0.02161566179105238
0.003981071705534973 0.022257743995894273
0.005011872336272725 0.02306437786243386
0.006309573444801936 0.024041439001807045
0.00794328234724282 0.02519777865408561
0.01 0.02654558987751173
0.012589254117941687 0.028100717281828676
0.01584893192461114 0.029882820456578276
0.01995262314968879 0.031915365866256686
0.025118864315095822 0.034225457585792575
0.03162277660168379 0.03684362580572914
0.039810717055349776 0.03980386311376985
0.05011872336272725 0.043144299886703735
0.06309573444801943 0.04690890689511091
0.07943282347242822 0.05115033598246858
0.1 0.05593347566305645
0.12589254117941687 0.061339121751352435
0.15848931924611143 0.06746772604269025
0.19952623149688828 0.07444319674048686
0.25118864315095824 0.08241711215500618
0.31622776601683794 0.09157462961649261
0.39810717055349776 0.10214300100296426
0.5011872336272725 0.1144023902585855
0.6309573444801942 0.1287021204587249
0.7943282347242822 0.1454810837514658
1. 0.1652886770643744
1.2589254117941688 0.18881291845980772
1.584893192461114 0.21691890194492303
1.9952623149688828 0.25069939986940354
2.5118864315095824 0.29156196854249994
3.1622776601683795 0.3413609613569553
3.9810717055349776 0.40257087593681656
5.011872336272725 0.47855226826073466
6.309573444801943 0.5739482940929346
7.943282347242821 0.6952455461042746
10. 0.851679648764791
12.589254117941687 1.0566567707919994
15.848931924611142 1.3298697869484026
19.95262314968883 1.7008163016485025
25.11886431509582 2.2146621953235
31.622776601683793 2.9417615640658368
39.81071705534978 3.9941682954115234
50.11872336272725 5.554114548883821
63.09573444801943 7.920655556339677
79.43282347242821 11.58807468542754
100. 17.37521380526863