#Columns: M [M_sun], f_PBH
1.e-6 1.9745098942290862
1.2589254117941661e-6 1.8418490444923017
1.584893192461114e-6 1.6024833244183794
1.9952623149688787e-6 1.3357353362114959
2.5118864315095823e-6 1.0825619250811205
3.162277660168379e-6 0.8663102476543229
3.981071705534969e-6 0.6929244426521866
5.011872336272725e-6 0.5570788062432168
6.30957344480193e-6 0.4489702046516521
7.943282347242822e-6 0.3625772942146633
0.00001 0.29342693916391055
0.000012589254117941661 0.23804626300793924
0.00001584893192461114 0.19368548831870175
0.000019952623149688786 0.15818539796624953
0.000025118864315095822 0.12966954120278537
0.000031622776601683795 0.10676201958803053
0.000039810717055349695 0.08846527178853177
0.00005011872336272725 0.07388599934390287
0.00006309573444801929 0.06228318809968301
0.00007943282347242822 0.05305261361846823
0.0001 0.04570689581766199
0.00012589254117941674 0.039856213297094635
0.00015848931924611142 0.03519531280534173
0.0001995262314968881 0.03148350697996632
0.0002511886431509582 0.02853735313045561
0.00031622776601683794 0.026216477175157845
0.00039810717055349735 0.024413387016337756
0.0005011872336272725 0.023043645234469338
0.0006309573444801936 0.022038542386854237
0.0007943282347242822 0.02134057255316106
0.001 0.020902048521867386
0.0012589254117941675 0.02068525179393635
0.001584893192461114 0.020662589194541996
0.0019952623149688807 0.020815929837643677
0.002511886431509582 0.0211350425403974
0.0031622776601683794 0.02161566086934586
0.003981071705534973 0.022257743507237478
0.005011872336272725 0.02306437750636902
0.006309573444801936 0.02404143874331374
0.00794328234724282 0.025197778495016303
0.01 0.026545589747616793
0.012589254117941687 0.02810071720374482
0.01584893192461114 0.029882820397549005
0.01995262314968879 0.03191536581928282
0.025118864315095822 0.03422545755175885
0.03162277660168379 0.036843625784101414
0.039810717055349776 0.03980386309614796
0.05011872336272725 0.04314429987341802
0.06309573444801943 0.04690890688655298
0.07943282347242822 0.05115033597676237
0.1 0.055933475658879434
0.12589254117941687 0.06133912174840996
0.15848931924611143 0.06746772604068889
0.19952623149688828 0.07444319673922228
0.25118864315095824 0.08241711215415878
0.31622776601683794 0.09157462961599877
0.39810717055349776 0.10214300100268883
0.5011872336272725 0.11440239025840765
0.6309573444801942 0.12870212045858567
0.7943282347242822 0.14548108375135607
1. 0.16528867706430417
1.2589254117941688 0.18881291845976697
1.584893192461114 0.21691890194490446
1.9952623149688828 0.2506993998693931
2.5118864315095824 0.29156196854249183
3.1622776601683795 0.34136096135694927
3.9810717055349776 0.402570875936813
5.011872336272725 0.47855226826073116
6.309573444801943 0.5739482940929319
7.943282347242821 0.6952455461042739
10. 0.8516796487647906
12.589254117941687 1.0566567707919992
15.848931924611142 1.3298707403134016
19.95262314968883 1.7008163016485018
25.11886431509582 2.2146621953235
31.622776601683793 2.9417652099032905
39.81071705534978 3.9941682954115234
50.11872336272725 5.554114548883824
63.09573444801943 7.920676029267984
79.43282347242821 11.588074685427541
100. 17.37521380526863