#Columns: M [M_sun], f_PBH
0.00001 0.2704323261876402
0.000012589254117941661 0.32183022546087664
0.00001584893192461114 0.3781394859287747
0.000019952623149688786 0.39693597324347274
0.000025118864315095822 0.376075188747682
0.000031622776601683795 0.22684897098646
0.000039810717055349695 0.1097755499625886
0.00005011872336272725 0.05616763549237812
0.00006309573444801929 0.03838237997411927
0.00007943282347242822 0.03308837832285825
0.0001 0.03400461718328423
0.00012589254117941674 0.03328373057334419
0.00015848931924611142 0.03146650797687904
0.00019952623149688788 0.02925605673232
0.0002511886431509582 0.027063713755756582
0.00031622776601683794 0.02509337865447461
0.00039810717055349735 0.02350300588309731
0.0005011872336272725 0.022328756812403813
0.000630957344480193 0.021475996938398693
0.0007943282347242822 0.020901023218084135
0.001 0.020564212257952554
0.0012589254117941675 0.02042930645059951
0.001584893192461114 0.020475697591130777
0.0019952623149688807 0.02068971939581094
0.002511886431509582 0.021051446859382785
0.0031622776601683794 0.02155916691822731
0.003981071705534973 0.02222036860901179
0.005011872336272725 0.023038707377036394
0.006309573444801936 0.024023407486682257
0.00794328234724282 0.02518548485750002
0.01 0.026537279786212252
0.012589254117941675 0.028094704887536254
0.01584893192461114 0.029878943576074724
0.01995262314968881 0.03191242823546272
0.025118864315095822 0.03422325464285055
0.03162277660168379 0.036842104449650755
0.039810717055349734 0.03980278143135965
0.05011872336272725 0.04314346755248371
0.06309573444801936 0.04690827589972282
0.07943282347242822 0.05114989206637158
0.1 0.055933092582171655
0.12589254117941687 0.061338842817757484
0.15848931924611143 0.0674674864757759
0.1995262314968879 0.07444300704814649
0.25118864315095824 0.08241698815158159
0.31622776601683794 0.09157447936503181
0.39810717055349776 0.10214292921639538
0.5011872336272725 0.11440233383174989
0.6309573444801942 0.12870207821684698
0.7943282347242822 0.14548104871195716
1. 0.16528865291013536
1.2589254117941688 0.18881290054527575
1.584893192461114 0.21691888915597787
1.9952623149688828 0.2506993913654021
2.5118864315095824 0.29156196175594107
3.1622776601683795 0.3413609569729338
3.9810717055349776 0.40257087301446143
5.011872336272725 0.4785522658783575
6.309573444801943 0.5739482925682969
7.943282347242821 0.6952455451026799
10. 0.8516796479551657
12.589254117941687 1.0566567702204093
15.848931924611142 1.3298707399359608
19.95262314968883 1.7008163013074966
25.11886431509582 2.214662195038455
31.622776601683793 2.9417652097416065