#Columns: M [M_sun], f_PBH
0.00001 4.831770788644334
0.000012589254117941661 7.587655729188574
0.00001584893192461114 12.042401903966246
0.000019952623149688786 19.115798691374945
0.000025118864315095822 30.48010136327307
0.000031622776601683795 48.066279345112484
0.000039810717055349695 49.803022428677465
0.00005011872336272725 22.664235171752114
0.00006309573444801929 5.43906969844087
0.00007943282347242822 1.3394186791746951
0.0001 0.408099587198519
0.00012589254117941674 0.12853679685537378
0.00015848931924611142 0.05894291191993149
0.00019952623149688788 0.03520934358778559
0.0002511886431509582 0.025138785760352205
0.00031622776601683794 0.020241431607025795
0.00039810717055349735 0.017658184339357987
0.0005011872336272725 0.016598763550186187
0.000630957344480193 0.016410779835806362
0.0007943282347242822 0.017128448669526286
0.001 0.01889328990298521
0.0012589254117941675 0.022440528342739543
0.001584893192461114 0.02668173359509303
0.0019952623149688807 0.030260647134951694
0.002511886431509582 0.03309416348639767
0.0031622776601683794 0.0311821525512342
0.003981071705534973 0.02699976224884542
0.005011872336272725 0.023164105452900416
0.006309573444801936 0.02152621784492304
0.00794328234724282 0.021817611699764265
0.01 0.023933737912839564
0.012589254117941675 0.026082581721898465
0.01584893192461114 0.028291859779910243
0.01995262314968881 0.030635581327595175
0.025118864315095822 0.0331499812764347
0.03162277660168379 0.0359281371779612
0.039810717055349734 0.038893754814014685
0.05011872336272725 0.04231446496189694
0.06309573444801936 0.046148534210550526
0.07943282347242822 0.050465220674957956
0.1 0.05532392877610392
0.12589254117941687 0.06081074737392913
0.15848931924611143 0.06702331405944494
0.1995262314968879 0.07409256759037573
0.25118864315095824 0.08214353041794395
0.31622776601683794 0.09135779712366555
0.39810717055349776 0.10197471097051389
0.5011872336272725 0.11426467132338743
0.6309573444801942 0.12859354169204393
0.7943282347242822 0.14539413187282613
1. 0.16521918066580685
1.2589254117941688 0.18875443693821847
1.584893192461114 0.21687318821753923
1.9952623149688828 0.2506582973816182
2.5118864315095824 0.2915267468033435
3.1622776601683795 0.34133062520976015
3.9810717055349776 0.4025441127769354
5.011872336272725 0.47852795104681556
6.309573444801943 0.573926052049086
7.943282347242821 0.6952261124934715
10. 0.8516575440002452
12.589254117941687 1.0566351499363469
15.848931924611142 1.3298517961244782
19.95262314968883 1.700789895455966
25.11886431509582 2.214628297130658
31.622776601683793 2.941742012792477
39.81071705534978 3.994142105774301
50.11872336272725 5.554023834026787
63.09573444801943 7.920640485827485
79.43282347242821 11.588028573255036
100. 17.375154595080858