#Columns: M_EDO [M_sun], f_EDO
31.622776601683793 1.01
39.810717055349734 1.01
50.11872336272722 1.01
63.09573444801933 0.9734798035125118
79.43282347242814 0.830838709582102
100. 0.6751026395248836
125.89254117941675 0.5696147565903968
158.48931924611142 0.4839027019000718
199.52623149688787 0.43097204305204007
251.18864315095797 0.39208129513569123
316.22776601683796 0.3495889479524446
398.1071705534973 0.3155384843372556
501.18723362727246 0.2966521475382998
630.957344480193 0.28609627958655803
794.3282347242822 0.27913235456451524
1000. 0.2725980797861469
1258.9254117941675 0.2680693679954286
1584.893192461114 0.26658929023123246
1995.2623149688789 0.2651092124670362
2511.886431509582 0.2636882731095085
3162.2776601683795 0.2623122566231433
3981.0717055349733 0.2612238304556317
5011.872336272725 0.26096757513220303
6309.573444801937 0.2608182476933261
7943.282347242822 0.26110031150283486
10000. 0.2612627910391154
12589.254117941662 0.2614023405081259
15848.93192461114 0.2618385302375099
19952.62314968883 0.2625085775794963
25118.864315095823 0.26324043232933764
31622.776601683792 0.2639722870791789
39810.71705534969 0.2647041418290202
50118.72336272725 0.2654359965788615
63095.73444801943 0.2661408473335255
79432.82347242821 0.2662871818651529
100000. 0.26631061512913506
125892.54117941661 0.26633404839311725
158489.3192461114 0.2663574816570994
199526.2314968883 0.2663488812192637
251188.6431509582 0.26630915503653296
316227.7660168379 0.2660709939872341
398107.17055349774 0.2653307107213929
501187.2336272725 0.26459042745555167
630957.344480193 0.2638748479282043
794328.2347242822 0.26336524374003956
1.e6 0.26293206903719024
1.2589254117941686e6 0.2625342308100884
1.5848931924611141e6 0.2621363925829866
1.9952623149688828e6 0.2618298118962724
2.5118864315095823e6 0.2619368833973429
3.1622776601683795e6 0.2620439548984133
3.9810717055349774e6 0.26213863059605635
5.011872336272725e6 0.2621901280073714
6.309573444801942e6 0.26220012137141846
7.943282347242822e6 0.26240200174802075
1.e7 0.26278647923745635
1.2589254117941687e7 0.26375280955216285
1.5848931924611142e7 0.26477804441597197
1.995262314968883e7 0.2657248365238383
2.5118864315095823e7 0.2666715061335956
3.162277660168379e7 0.2676181757433529
3.9810717055349775e7 0.2685648453531102
5.011872336272725e7 0.269075675608085
6.309573444801943e7 0.2687332216925535
7.943282347242822e7 0.2683571229948771
1.e8 0.2679810242972007