#Columns: M_EDO [M_sun], f_EDO
31.622776601683793 1.01
39.810717055349734 1.01
50.11872336272722 1.01
63.09573444801933 1.01
79.43282347242814 0.8997857214460627
100. 0.7307909666639409
125.89254117941675 0.6195591752700045
158.48931924611142 0.5188762040162087
199.52623149688787 0.45765549714108167
251.18864315095797 0.4091757985290819
316.22776601683796 0.3623807783575176
398.1071705534973 0.33030070809434453
501.18723362727246 0.3085985593015208
630.957344480193 0.2936005161731631
794.3282347242822 0.2826678796436112
1000. 0.2745299576993608
1258.9254117941675 0.270924358823881
1584.893192461114 0.26931237579973233
1995.2623149688789 0.2677003927755836
2511.886431509582 0.26657434463818697
3162.2776601683795 0.26581742363053007
3981.0717055349733 0.26525079847668026
5011.872336272725 0.2652348130728728
6309.573444801937 0.2652887518133663
7943.282347242822 0.26562479343122236
10000. 0.26543811783824445
12589.254117941662 0.2651515025941194
15848.93192461114 0.2650611714663942
19952.62314968883 0.2653914020059065
25118.864315095823 0.2662294983711716
31622.776601683792 0.2670675947364367
39810.71705534969 0.26790569110170176
50118.72336272725 0.2687437874669668
63095.73444801943 0.26956401553840703
79432.82347242821 0.26995328582197486
100000. 0.27011223718457755
125892.54117941661 0.27027118854718035
158489.3192461114 0.27043013990978304
199526.2314968883 0.27032587327004076
251188.6431509582 0.26996584922707
316227.7660168379 0.26947452266839145
398107.17055349774 0.26865094648360127
501187.2336272725 0.2678273702988111
630957.344480193 0.26711146423020604
794328.2347242822 0.2669092644359703
1.e6 0.26698013305570284
1.2589254117941686e6 0.26734135826953215
1.5848931924611141e6 0.2677025834833614
1.9952623149688828e6 0.2681241929675432
2.5118864315095823e6 0.2688195122781455
3.1622776601683795e6 0.2695148315887478
3.9810717055349774e6 0.270156124356138
5.011872336272725e6 0.27060326464034
6.309573444801942e6 0.27070936995851747
7.943282347242822e6 0.2708887772395087
1.e7 0.2711877494952569
1.2589254117941687e7 0.2718717283834131
1.5848931924611142e7 0.2724440811966603
1.995262314968883e7 0.27243880094607975
2.5118864315095823e7 0.2724325141397241
3.162277660168379e7 0.27242622733336835
3.9810717055349775e7 0.2724199405270127
5.011872336272725e7 0.27212576250566534
6.309573444801943e7 0.2712713205936471
7.943282347242822e7 0.2703948770998007
1.e8 0.2695184336059544