#Columns: M_EDO [M_sun], f_EDO
31.622776601683793 1.01
39.810717055349734 1.01
50.11872336272722 1.01
63.09573444801933 1.01
79.43282347242814 1.01
100. 1.01
125.89254117941675 1.01
158.48931924611142 1.01
199.52623149688787 1.01
251.18864315095797 1.01
316.22776601683796 1.01
398.1071705534973 1.01
501.18723362727246 1.01
630.957344480193 1.01
794.3282347242822 1.01
1000. 1.01
1258.9254117941675 1.01
1584.893192461114 1.01
1995.2623149688789 1.01
2511.886431509582 1.01
3162.2776601683795 1.01
3981.0717055349733 1.01
5011.872336272725 1.01
6309.573444801937 1.01
7943.282347242822 1.01
10000. 1.01
12589.254117941662 1.01
15848.93192461114 1.01
19952.62314968883 1.01
25118.864315095823 1.01
31622.776601683792 1.01
39810.71705534969 1.01
50118.72336272725 1.01
63095.73444801943 1.01
79432.82347242821 1.01
100000. 1.01
125892.54117941661 1.01
158489.3192461114 0.9571931237371001
199526.2314968883 0.8363237081217616
251188.6431509582 0.7007824582565154
316227.7660168379 0.6152223571298752
398107.17055349774 0.5481230291529622
501187.2336272725 0.4811515758481596
630957.344480193 0.419365128265695
794328.2347242822 0.38936877286786314
1.e6 0.3599413273931983
1.2589254117941686e6 0.3394711717486109
1.5848931924611141e6 0.3208425283996934
1.9952623149688828e6 0.30238996794319145
2.5118864315095823e6 0.2902217772019918
3.1622776601683795e6 0.2849842815605499
3.9810717055349774e6 0.2797850682365238
5.011872336272725e6 0.274637378451805
6.309573444801942e6 0.26948968866708634
7.943282347242822e6 0.2664062091090279
1.e7 0.26367815527662003
1.2589254117941687e7 0.2610517987275919
1.5848931924611142e7 0.25879319495606046
1.995262314968883e7 0.2581937774546413
2.5118864315095823e7 0.2577992973048665
3.162277660168379e7 0.2575206629110216
3.9810717055349775e7 0.25733753071459803
5.011872336272725e7 0.25715439851817445
6.309573444801943e7 0.25697126632175094
7.943282347242822e7 0.2567881341253273
1.e8 0.2566050019289038