#Columns: M [M_sun], f_EDO
1.9952623149688787e-6 1.6564933706529763
2.511886431509577e-6 1.2238903009427757
3.162277660168379e-6 0.908513264952378
3.981071705534969e-6 0.6745597467449327
5.011872336272725e-6 0.5048111902758343
6.30957344480193e-6 0.38665379632061486
7.943282347242822e-6 0.300597865942325
0.00001 0.23721113490253698
0.000012589254117941661 0.1908374106370545
0.00001584893192461114 0.15897588963852577
0.000019952623149688786 0.1341442445121886
0.000025118864315095822 0.11234412028622281
0.000031622776601683795 0.0940529412940417
0.000039810717055349695 0.07883366091192931
0.00005011872336272725 0.06624682089182432
0.00006309573444801929 0.05606865067794179
0.00007943282347242822 0.04831335500649892
0.0001 0.04233202611228793
0.0001258925411794166 0.03757902474514686
0.00015848931924611142 0.03375532928555178
0.00019952623149688788 0.03066864144879797
0.00025118864315095795 0.028105815216738057
0.00031622776601683794 0.025980669544308894
0.00039810717055349735 0.024282917942050387
0.0005011872336272725 0.022970493531416704
0.000630957344480193 0.021996658720788546
0.0007943282347242813 0.021315910928250224
0.001 0.020887299177526804
0.0012589254117941675 0.02067553412025149
0.001584893192461114 0.02065721530247773
0.001995262314968879 0.020812347753294054
0.0025118864315095794 0.021132507819812945
0.0031622776601683794 0.021614145035126837
0.003981071705534973 0.02225686898033842
0.005011872336272725 0.023063719309906805
0.00630957344480193 0.024040960612421978
0.007943282347242814 0.025197942644929555
0.01 0.02654535058755699
0.012589254117941675 0.02810055396157516
0.01584893192461114 0.02988269339531061
0.01995262314968879 0.031915285868400235
0.025118864315095822 0.03422539345565311
0.03162277660168379 0.03684358263889629
0.03981071705534969 0.03980382912775096
0.05011872336272725 0.04314427005273371
0.0630957344480193 0.04690889118501251
0.07943282347242822 0.05115032321681214
0.1 0.05593344687190548
0.12589254117941687 0.0613391153396786
0.15848931924611143 0.06746772108484539
0.1995262314968879 0.07444319327757987
0.25118864315095824 0.08241710982167527
0.31622776601683794 0.09157462803145554
0.39810717055349776 0.10214299997425653
0.5011872336272725 0.11440238957650019
0.630957344480193 0.1287021199978784
0.7943282347242822 0.14548108346656527
1. 0.1652886768823166
1.2589254117941688 0.18881291832492644
1.584893192461114 0.2169189018680453
1.9952623149688788 0.25069939981757583
2.5118864315095824 0.2915619685046093
3.1622776601683795 0.34136096133850896
3.9810717055349776 0.40257087592603785
5.011872336272725 0.4785522682514158
6.30957344480193 0.5739482940856835
7.943282347242821 0.6952455460984138
10. 0.8516796487605004
12.589254117941687 1.0566567707898213
15.848931924611142 1.3298707403119254
19.952623149688787 1.7008163016475975
25.11886431509582 2.2146621953226924
31.622776601683793 2.9417652099025635
39.81071705534978 3.994168295410799
50.11872336272725 5.5541145488829535
63.0957344480193 7.920676029267269
79.43282347242821 11.588074685427145
100. 17.375213805268373