#Columns: M [M_sun], f_EDO
0.00001 1.8537712298313416
0.000012589254117941661 1.33403439489518
0.00001584893192461114 0.9750511049093835
0.000019952623149688786 0.7263729098226334
0.000025118864315095822 0.5492931374791474
0.000031622776601683795 0.4048995631144398
0.000039810717055349695 0.29628469802663066
0.00005011872336272725 0.20295360187486555
0.00006309573444801929 0.13142733712625454
0.00007943282347242822 0.09157131947764126
0.0001 0.06749875233372678
0.00012589254117941674 0.052785888102232524
0.00015848931924611142 0.042920712613940655
0.00019952623149688788 0.035822300269076734
0.0002511886431509582 0.030631026992959585
0.00031622776601683794 0.02675789579358624
0.00039810717055349735 0.023805377490655248
0.0005011872336272725 0.021630286588953405
0.000630957344480193 0.020179598760731655
0.0007943282347242822 0.019217078049985653
0.001 0.018642744993087493
0.0012589254117941675 0.01841486217804405
0.001584893192461114 0.01859423798306579
0.0019952623149688807 0.01902073671666933
0.002511886431509582 0.019541463545030127
0.0031622776601683794 0.020183583262578478
0.003981071705534973 0.020940821843944076
0.005011872336272725 0.021806015223566618
0.006309573444801936 0.02281151793944783
0.00794328234724282 0.024037786371432873
0.01 0.025501269794090814
0.012589254117941675 0.027198865563418387
0.01584893192461114 0.029140595725478603
0.01995262314968881 0.03134462131479317
0.025118864315095822 0.0338061482395669
0.03162277660168379 0.03653222028761307
0.039810717055349734 0.03957371475780316
0.05011872336272725 0.04297429742169657
0.06309573444801936 0.046783347566150935
0.07943282347242822 0.05105764131021918
0.1 0.05586362435489701
0.12589254117941687 0.06128452829608147
0.15848931924611143 0.06742838845096216
0.1995262314968879 0.07441272157902834
0.25118864315095824 0.08239266729499464
0.31622776601683794 0.09155663998472745
0.39810717055349776 0.10212906235649331
0.5011872336272725 0.11439123884488106
0.6309573444801942 0.12869285784345624
0.7943282347242822 0.1454738794097301
1. 0.165282520209807
1.2589254117941688 0.18880775985730203
1.584893192461114 0.21691425742127313
1.9952623149688828 0.2506958724927993
2.5118864315095824 0.2915583521240492
3.1622776601683795 0.3413576113835957
3.9810717055349776 0.4025684836258497
5.011872336272725 0.4785501445133643
6.309573444801943 0.5739451360561255
7.943282347242821 0.6952440351493467
10. 0.8516758516893096
12.589254117941687 1.0566519905300156
15.848931924611142 1.32986985539049
19.95262314968883 1.700815496637367
25.11886431509582 2.214661526856327