#Columns: M [M_sun], f_EDO
0.0001 1.05017486365145
0.00012589254117941674 0.7549772737915431
0.00015848931924611142 0.5160832704326067
0.00019952623149688788 0.3575519091999369
0.00025118864315095795 0.25496537515212786
0.00031622776601683794 0.18700496288376808
0.00039810717055349735 0.14211838403663604
0.0005011872336272725 0.11172648855057704
0.000630957344480193 0.09016612017489443
0.0007943282347242813 0.07506717295151608
0.001 0.06445777054800175
0.0012589254117941675 0.05694948097151519
0.001584893192461114 0.05165792586871667
0.001995262314968879 0.04804047345526976
0.002511886431509582 0.045594074051325456
0.0031622776601683794 0.043410567217464474
0.003981071705534973 0.04161856459925104
0.005011872336272725 0.039362704426622146
0.00630957344480193 0.0366672478456335
0.00794328234724282 0.034976956319056667
0.01 0.0340676789389649
0.012589254117941675 0.033952511835829424
0.01584893192461114 0.034418078998182444
0.01995262314968881 0.035309622492299554
0.025118864315095822 0.0365977739270997
0.03162277660168379 0.03824682451907079
0.039810717055349734 0.04021592820562209
0.05011872336272725 0.04256335618465126
0.06309573444801936 0.04545271721367611
0.07943282347242822 0.048883296272203135
0.1 0.052941085324414695
0.12589254117941676 0.0577714286970482
0.15848931924611143 0.06369291586730878
0.19952623149688808 0.07069170577313241
0.25118864315095824 0.0786690764435184
0.31622776601683794 0.08783052615285743
0.3981071705534973 0.0983798720539951
0.5011872336272725 0.11053726812807425
0.6309573444801936 0.12465922623786743
0.7943282347242822 0.14140157144436782
1. 0.16131604742421848
1.2589254117941688 0.18508652799919476
1.584893192461114 0.2135272393493225
1.9952623149688788 0.24772238896743404
2.5118864315095824 0.2890057757461886
3.1622776601683795 0.33914247114455365
3.9810717055349776 0.40061118967232995
5.011872336272725 0.4768199370318879
6.309573444801943 0.5723883526157336
7.943282347242821 0.6938150383479464
10. 0.8503418995218147
12.589254117941687 1.0553117895987698
15.848931924611142 1.3285708744650637
19.95262314968883 1.6995070003684138
25.11886431509582 2.2131673113485912