#Columns: M [M_sun], f_PBH
1.e-11 3.5852043369934123
1.2932028905404119e-11 2.0440599239605604
1.6723737161020765e-11 1.344976505618362
2.1627185237270245e-11 0.9772092398881144
2.7968338463090806e-11 0.5475108196680449
3.616873614408161e-11 0.3410388137892329
4.6773514128719814e-11 0.2540923415102315
6.048764367199325e-11 0.16411848799882242
7.822279563860014e-11 0.10527080628347078
1.0115794542598963e-10 0.06879547702963902
1.3081774742601954e-10 0.042519735406803
1.69173889105314e-10 0.026743026512626198
2.1877616239495518e-10 0.0171929788560526
2.829219655904946e-10 0.01165671381230074
3.658755036990026e-10 0.008640648850234078
4.731512589614812e-10 0.006941778689715541
6.118805757518225e-10 0.005798611066918158
7.912857292277884e-10 0.005141932575317237
1.0232929922807536e-9 0.004902143387805829
1.323325455487218e-9 0.004917383391638617
1.7113283041617845e-9 0.005103713910713095
2.213094709605632e-9 0.005424908346999682
2.8619804755017084e-9 0.005863519219218938
3.701121423589032e-9 0.006405561668376769
4.78630092322638e-9 0.007060505001228344
6.189658188912597e-9 0.007789074821100979
8.004483861358902e-9 0.008540980786068726
1.0351421666793451e-8 0.009399239589583459
1.338648842069994e-8 0.010483594401766733
1.7311445519834918e-8 0.011840615483066138
2.2387211385683378e-8 0.013440423216725443
2.8951206475104964e-8 0.01531344158606897
3.7439783898238104e-8 0.017505373293856506
4.841723675840999e-8 0.019963862031738507
6.261331052795528e-8 0.022650347677456512
8.097171416105618e-8 0.02555138004186041
1.0471285480508985e-7 0.028686649718917684
1.3541496651068094e-7 0.03207626279002628
1.7511902611404566e-7 0.03576352358903626
2.2646443075930573e-7 0.03981003041394936
2.928644564625237e-7 0.04435360099740488
3.7873316163388233e-7 0.04952450920779078
4.897788193684457e-7 0.055529267735224215
6.333833849327455e-7 0.06267514462704787
8.190932242152968e-7 0.07126561232879805
1.0592537251772875e-6 0.08177433579383828
1.3698299792149702e-6 0.09488085286786047
1.7714680886697119e-6 0.11146255414113981
2.29086765276777e-6 0.13267952176786565
2.962556670404815e-6 0.16029257346002482
3.831186849557285e-6 0.19625098969227875
4.954501908047905e-6 0.24370963029892112
6.407176188675537e-6 0.3071820761982756
8.285778767396904e-6 0.3908960527379333
0.00001071519305237607 0.4968231051175949
0.000013856918628031273 0.6363499195256468
0.00001791980722375332 0.813807189512703
0.000023173946499684798 1.031224083700036
0.00002996861459862124 1.309526895806245
0.000038755499024428575 1.6589960864637634
0.00005011872336272725 2.1078560068631393