#Columns: M [M_sun], f_PBH
2.398832919019495e-10 55.557398503793316
2.985382618917957e-10 31.132442107130952
3.715352290971728e-10 19.674485705575425
4.623810213992594e-10 10.864905542959933
5.754399373371567e-10 5.56188620564273
7.161434102129027e-10 3.1858164472837043
8.912509381337441e-10 1.840456395672144
1.109174815262401e-9 1.0142869475544094
1.3803842646028867e-9 0.5577837047898367
1.717908387157586e-9 0.29764359445306293
2.1379620895022324e-9 0.15963706153599058
2.660725059798814e-9 0.08851534180721281
3.3113112148259078e-9 0.05306268594145679
4.120975190973304e-9 0.03504279318171922
5.128613839913658e-9 0.024725242642868777
6.3826348619054826e-9 0.01790959715390742
7.943282347242822e-9 0.014354000307252007
9.885530946569411e-9 0.01301600137261229
1.2302687708123811e-8 0.01283138986557892
1.5310874616820318e-8 0.013252768641850158
1.9054607179632482e-8 0.014043506482230805
2.371373705661655e-8 0.015147259470732732
2.95120922666639e-8 0.016574203661089835
3.6728230049808426e-8 0.01833741380324702
4.570881896148752e-8 0.020438909147049496
5.688529308438413e-8 0.02284896244175739
7.079457843841373e-8 0.025459370690007234
8.810488730080147e-8 0.02811712699239283
1.0964781961431852e-7 0.03072260761070132
1.3645831365889239e-7 0.03326923098031939
1.6982436524617461e-7 0.0358066794854018
2.1134890398366478e-7 0.038368168009209884
2.6302679918953816e-7 0.04113103292672992
3.273406948788386e-7 0.0444113487072907
4.073802778041122e-7 0.04838221109670564
5.069907082747045e-7 0.05316019395320576
6.30957344480193e-7 0.058893082728077445
7.85235634610071e-7 0.06582646932828401
9.77237220955811e-7 0.0742533406036179
1.2161860006463678e-6 0.08443411356418402
1.5135612484362072e-6 0.09661071232960287
1.883649089489802e-6 0.11141394264051924
2.3442288153199226e-6 0.12942303297224148
2.917427014001166e-6 0.15229391097745917
3.6307805477010175e-6 0.18085937059417928
4.518559443749226e-6 0.21642556671092988
5.623413251903491e-6 0.2619586234020533
6.998419960022731e-6 0.3183542016457137
8.709635899560814e-6 0.39144286092517494
0.000010839269140212039 0.481276972267474
0.000013489628825916533 0.5915154873603498
0.000016788040181225588 0.7294462575578456
0.00002089296130854041 0.8958155797304109
0.00002600159563165272 1.0977175877894931
0.00003235936569296281 1.3444213962833809
0.00004027170343254595 1.642872646216247
0.00005011872336272725 2.005142094451795