#Columns: M [M_sun], f_PBH
6.30957344480193e-6 13.599802307665698
7.943282347242805e-6 7.922036337742027
0.00001 4.828112811534114
0.000012589254117941661 3.045723071233519
0.00001584893192461114 1.5764359322810226
0.000019952623149688786 0.8400776422007346
0.000025118864315095822 0.4743132486809344
0.000031622776601683795 0.29282945964370494
0.000039810717055349695 0.19774161893685735
0.00005011872336272725 0.13402130161273626
0.00006309573444801929 0.0944328426210679
0.00007943282347242822 0.07160224421345969
0.0001 0.057708357276937315
0.0001258925411794166 0.04844891076619774
0.00015848931924611142 0.04181789233189779
0.00019952623149688788 0.03814235929633328
0.00025118864315095795 0.036881013446101035
0.00031622776601683794 0.03740219424883878
0.0003981071705534969 0.039226542205842166
0.0005011872336272725 0.042203689384360706
0.000630957344480193 0.04660212469330861
0.0007943282347242813 0.05311582385558696
0.001 0.06236710764570736
0.0012589254117941675 0.07476946299014683
0.001584893192461114 0.09041077405910111
0.001995262314968879 0.10884428815653688
0.0025118864315095794 0.12995562984757558
0.0031622776601683794 0.15430116663770563
0.003981071705534973 0.1827612410803229
0.005011872336272725 0.21595610959565886
0.00630957344480193 0.2553607821890114
0.007943282347242814 0.30185119180310604
0.01 0.3544092110254274
0.012589254117941675 0.4116531290834919
0.01584893192461114 0.47272822211011745
0.01995262314968879 0.5383378638809921
0.025118864315095794 0.6116265550097247
0.03162277660168379 0.693227818981
0.039810717055349734 0.7857416165569993
0.05011872336272725 0.8887241556702579
0.0630957344480193 0.9986631182358991
0.07943282347242822 1.1144662865943977
0.1 1.2346354799159605