#Columns: M_EDO [M_sun], f_EDO
1.e-7 1.
1.1748975549395303e-7 1.
1.380384264602884e-7 1.
1.6218100973589298e-7 1.
1.9054607179632483e-7 1.
2.2387211385683377e-7 1.
2.6302679918953816e-7 1.
3.090295432513592e-7 1.
3.6307805477010174e-7 1.
4.2657951880159254e-7 1.
5.011872336272725e-7 1.
5.888436553555896e-7 1.
6.918309709189363e-7 1.
8.128305161640995e-7 1.
9.549925860214369e-7 1.
1.122018454301963e-6 1.
1.3182567385564074e-6 1.
1.5488166189124828e-6 1.
1.8197008586099826e-6 1.
2.1379620895022326e-6 1.
2.5118864315095823e-6 1.
2.951209226666384e-6 1.
3.467368504525317e-6 1.
4.073802778041131e-6 1.
4.78630092322638e-6 1.
5.623413251903491e-6 0.9702565148799001
6.606934480075964e-6 0.908148189912978
7.762471166286928e-6 0.8007542912599227
9.120108393559096e-6 0.7156106216502917
0.00001071519305237607 0.6453947044875382
0.000012589254117941688 0.587451724831583
0.000014791083881682072 0.5332824668708992
0.000017378008287493764 0.4837287795462494
0.000020417379446695318 0.43864847254847256
0.0000239883291901949 0.398459339167358
0.00002818382931264455 0.36203861780723295
0.000033113112148259144 0.32899029814188585
0.000038904514499428046 0.29898613353354275
0.000045708818961487516 0.2718420807938808
0.000053703179637025325 0.2472470665072985
0.00006309573444801943 0.22495731009027184
0.00007413102413009176 0.20478053496640813
0.00008709635899560814 0.18649037472474964
0.00010232929922807547 0.1699081231577927
0.00012022644346174131 0.15491924237267796
0.00014125375446227554 0.14137129471597829
0.00016595869074375615 0.12910265669159376
0.00019498445997580475 0.11801566459973517
0.00022908676527677748 0.10804421381449214
0.00026915348039269167 0.09903412754623868
0.00031622776601683826 0.09089029376579674
0.0003715352290971728 0.0836478909522581
0.00043651583224016654 0.07713593459783244
0.0005128613839913654 0.07128189136730417
0.0006025595860743581 0.06612060402579452
0.0007079457843841388 0.06157735100888177
0.0008317637711026717 0.05755471887554526
0.000977237220955811 0.05406966046632719
0.001148153621496884 0.0512033525242175
0.0013489628825916547 0.048819866888942465
0.001584893192461114 0.04688793828450678
0.0018620871366628695 0.046004394795551455
0.0021877616239495542 0.04563084417778884
0.002570395782768867 0.045630836530609585
0.003019951720402019 0.04563082775709445
0.0035481338923357567 0.04563082649968208
0.00416869383470336 0.04563082936627036
0.004897788193684466 0.045630835026758895
0.005754399373371578 0.04563083872136247
0.006760829753919825 0.04563081112714989
0.00794328234724282 0.04563074225145322
0.009332543007969924 0.04563072647339024
0.010964781961431863 0.04563075383748104
0.012882495516931356 0.045630808962743366
0.015135612484362102 0.04563083651503531
0.017782794100389247 0.04563084438712178
0.02089296130854042 0.04563084438712178
0.024547089156850336 0.04563084438712178
0.028840315031266085 0.04563084438712178
0.03388441561392029 0.04563084438712178
0.039810717055349776 0.04563084438712178
0.046773514128719884 0.04563084438712178
0.05495408738576254 0.04563084438712178
0.06456542290346562 0.04563084438712178
0.07585775750291847 0.04563084438712178
0.08912509381337468 0.04563084438712178
0.10471285480509009 0.04563084438712178
0.1230268770812383 0.04563084438712178
0.14454397707459293 0.04563084438712178
0.1698243652461747 0.04563084438712178
0.19952623149688822 0.04563084438712178
0.2344228815319925 0.04563084438712178
0.275422870333817 0.04563084438712178
0.3235936569296287 0.04563084438712178
0.38018939632056176 0.04563084438712178
0.44668359215096376 0.04563084438712178
0.5248074602497733 0.04563084438712178
0.6165950018614831 0.04563084438712178
0.7244359600749911 0.04563084438712178
0.8511380382023778 0.04563084438712178
1.0000000000000016 0.04563084438712178
1.1748975549395313 0.04563084438712178
1.380384264602887 0.04563084438712178
1.6218100973589324 0.04563084438712178
1.9054607179632501 0.04563084438712178
2.2387211385683434 0.047397289457645625
2.630267991895386 0.04999368776145251
3.0902954325135954 0.0527531632926228
3.6307805477010193 0.055664952156697665
4.265795188015934 0.05873746151334114
5.011872336272731 0.06197956256782828
5.888436553555899 0.06540061618472973
6.918309709189376 0.06901049991537885
8.128305161641007 0.07281963651716297
9.549925860214376 0.07683902404697732
11.220184543019652 0.0810802676157331
13.182567385564095 0.08555561289560015
15.488166189124843 0.09027798147673369
18.197008586099862 0.09526100817556775
21.379620895022356 0.10051908040239349
25.11886431509585 0.1060673797018905
29.512092266663917 0.11192192558654905
34.67368504525324 0.11809962178954207
40.73802778041134 0.12461830507059383
47.86300923226393 0.13149679671575978
56.23413251903502 0.1387549568798157
66.06934480075971 0.14641374192814907
77.62471166286932 0.15449526494372726
91.20108393559116 0.1630228595738358
107.15193052376081 0.17202114740092964
125.89254117941701 0.18151610903211995
147.910838816821 0.19153515911254998
173.780082874938 0.20210722547924476
204.17379446695338 0.2132628326839749
239.8832919019495 0.2250341901262888
281.83829312644605 0.23745528505117677
331.13112148259177 0.2505619806798799
389.04514499428126 0.2643921197571737
457.0881896148761 0.2789856338140966
537.0317963702538 0.29438465846159667
630.9573444801943 0.31063365504798274
741.3102413009192 0.32777953903143703
870.9635899560823 0.3458718154382385
1023.2929922807567 0.3649627217978045
1202.2644346174156 0.38510737896724156
1412.537544622757 0.4063639502808827
1659.5869074375648 0.4287938094843161
1949.8445997580495 0.4524617179377828
2290.8676527677794 0.4774360116005778
2691.534803926922 0.5037887983363296
3162.277660168386 0.5315961661088402
3715.3522909717353 0.5609384026695996
4365.1583224016695 0.5919002273712772
5128.613839913659 0.6245710357765044
6025.595860743593 0.6590451577681979
7079.457843841395 0.6954221299066654
8317.637711026726 0.7338069828198645
9772.372209558132 0.7743105444565921
11481.536214968864 0.8170497600781808
13489.628825916561 0.8621480299126112
15848.931924611174 0.9097355654459447
18620.871366628733 0.9599497653797835
21877.616239495565 0.9893480544751921
25703.9578276887 1.
30199.517204020252 1.
35481.3389233576 1.
41686.93834703363 1.
48977.881936844766 1.
57543.9937337159 1.
67608.29753919832 1.
79432.82347242838 1.
93325.43007969944 1.
109647.81961431874 1.
128824.95516931375 1.
151356.12484362134 1.
177827.94100389266 1.
208929.6130854045 1.
245470.89156850387 1.
288403.15031266114 1.
338844.1561392034 1.
398107.17055349855 1.
467735.14128719905 1.
549540.873857626 1.
645654.2290346576 1.
758577.5750291852 1.
891250.9381337477 1.
1.0471285480509028e6 1.
1.2302687708123862e6 1.
1.445439770745931e6 1.
1.6982436524617495e6 1.
1.995262314968887e6 1.
2.3442288153199274e6 1.
2.7542287033381746e6 1.
3.2359365692962944e6 1.
3.80189396320562e6 1.
4.466835921509644e6 1.
5.248074602497744e6 1.
6.165950018614835e6 1.
7.244359600749921e6 1.
8.511380382023795e6 1.
1.0000000000000041e7 1.