#Columns: M_EDO [M_sun], f_EDO
1.e-7 1.
1.1748975549395303e-7 1.
1.380384264602884e-7 1.
1.6218100973589298e-7 1.
1.9054607179632483e-7 1.
2.2387211385683377e-7 1.
2.6302679918953816e-7 1.
3.090295432513592e-7 1.
3.6307805477010174e-7 1.
4.2657951880159254e-7 1.
5.011872336272725e-7 1.
5.888436553555896e-7 1.
6.918309709189363e-7 1.
8.128305161640995e-7 1.
9.549925860214369e-7 1.
1.122018454301963e-6 1.
1.3182567385564074e-6 1.
1.5488166189124828e-6 1.
1.8197008586099826e-6 1.
2.1379620895022326e-6 1.
2.5118864315095823e-6 1.
2.951209226666384e-6 1.
3.467368504525317e-6 1.
4.073802778041131e-6 1.
4.78630092322638e-6 1.
5.623413251903491e-6 1.
6.606934480075964e-6 1.
7.762471166286928e-6 1.
9.120108393559096e-6 1.
0.00001071519305237607 1.
0.000012589254117941688 1.
0.000014791083881682072 1.
0.000017378008287493764 1.
0.000020417379446695318 1.
0.0000239883291901949 1.
0.00002818382931264455 1.
0.000033113112148259144 1.
0.000038904514499428046 1.
0.000045708818961487516 1.
0.000053703179637025325 1.
0.00006309573444801943 1.
0.00007413102413009176 1.
0.00008709635899560814 1.
0.00010232929922807547 1.
0.00012022644346174131 1.
0.00014125375446227554 1.
0.00016595869074375615 1.
0.00019498445997580475 1.
0.00022908676527677748 1.
0.00026915348039269167 1.
0.00031622776601683826 1.
0.0003715352290971728 1.
0.00043651583224016654 1.
0.0005128613839913654 1.
0.0006025595860743581 1.
0.0007079457843841388 1.
0.0008317637711026717 1.
0.000977237220955811 1.
0.001148153621496884 1.
0.0013489628825916547 1.
0.001584893192461114 1.
0.0018620871366628695 1.
0.0021877616239495542 1.
0.002570395782768867 1.
0.003019951720402019 1.
0.0035481338923357567 1.
0.00416869383470336 1.
0.004897788193684466 1.
0.005754399373371578 1.
0.006760829753919825 1.
0.00794328234724282 1.
0.009332543007969924 1.
0.010964781961431863 1.
0.012882495516931356 1.
0.015135612484362102 1.
0.017782794100389247 1.
0.02089296130854042 1.
0.024547089156850336 1.
0.028840315031266085 1.
0.03388441561392029 1.
0.039810717055349776 1.
0.046773514128719884 1.
0.05495408738576254 0.9761335818428454
0.06456542290346562 0.9246235025573742
0.07585775750291847 0.8152813006691625
0.08912509381337468 0.7269633110029803
0.10471285480509009 0.6541262401863476
0.1230268770812383 0.5953993507898208
0.14454397707459293 0.5407038111599741
0.1698243652461747 0.4905566610743587
0.19952623149688822 0.4447115642752895
0.2344228815319925 0.40396692821410074
0.275422870333817 0.36702529802058254
0.3235936569296287 0.33351566712783803
0.38018939632056176 0.3030987854371524
0.44668359215096376 0.2755604515949382
0.5248074602497733 0.25060672687857555
0.6165950018614831 0.22801409119031005
0.7244359600749911 0.2075481556895891
0.8511380382023778 0.18899130789782012
1.0000000000000016 0.17216464367324677
1.1748975549395313 0.1569766981443947
1.380384264602887 0.14322476918197208
1.6218100973589324 0.130769350983499
1.9054607179632501 0.1195392276276724
2.2387211385683434 0.11601028476385802
2.630267991895386 0.11537075818592969
3.0902954325135954 0.11488053421555974
3.6307805477010193 0.11449576083914771
4.265795188015934 0.11418970952941601
5.011872336272731 0.11396464965359078
5.888436553555899 0.11390306691013823
6.918309709189376 0.11395003448317707
8.128305161641007 0.1141102847389662
9.549925860214376 0.11446185908392424
11.220184543019652 0.11500150081134959
13.182567385564095 0.11570736509953795
15.488166189124843 0.11664033309918855
18.197008586099862 0.11789981823913195
21.379620895022356 0.11941921387389211
25.11886431509585 0.12121863505264444
29.512092266663917 0.12360554868671045
34.67368504525324 0.12644465237060162
40.73802778041134 0.1297963218669461
47.86300923226393 0.13407511138898548
56.23413251903502 0.13968312582314238
66.06934480075971 0.1464137451808863
77.62471166286932 0.15449522872231716
91.20108393559116 0.16302285369512332
107.15193052376081 0.17202113927505672
125.89254117941701 0.1815160293538657
147.910838816821 0.19153514464977586
173.780082874938 0.20210724751905257
204.17379446695338 0.21326285787752292
239.8832919019495 0.22503416297967127
281.83829312644605 0.2374554023005137
331.13112148259177 0.250562168493822
389.04514499428126 0.2643919229606168
457.0881896148761 0.2789851514435674
537.0317963702538 0.29438394960454645
630.9573444801943 0.3106327876618022
741.3102413009192 0.32777871212863385
870.9635899560823 0.34587119813645767
1023.2929922807567 0.36496244223665164
1202.2644346174156 0.3851073134134567
1412.537544622757 0.4063639502808827
1659.5869074375648 0.4287938094843161
1949.8445997580495 0.4524617179377828
2290.8676527677794 0.4774360116005778
2691.534803926922 0.5037887983363296
3162.277660168386 0.5315961661088402
3715.3522909717353 0.5609384026695996
4365.1583224016695 0.5919002273712772
5128.613839913659 0.6245710357765044
6025.595860743593 0.6590451577681979
7079.457843841395 0.6954221299066654
8317.637711026726 0.7338069828198645
9772.372209558132 0.7743105444565921
11481.536214968864 0.8170497600781808
13489.628825916561 0.8621480299126112
15848.931924611174 0.9097355654459447
18620.871366628733 0.9599497653797835
21877.616239495565 0.9893480544751921
25703.9578276887 1.
30199.517204020252 1.
35481.3389233576 1.
41686.93834703363 1.
48977.881936844766 1.
57543.9937337159 1.
67608.29753919832 1.
79432.82347242838 1.
93325.43007969944 1.
109647.81961431874 1.
128824.95516931375 1.
151356.12484362134 1.
177827.94100389266 1.
208929.6130854045 1.
245470.89156850387 1.
288403.15031266114 1.
338844.1561392034 1.
398107.17055349855 1.
467735.14128719905 1.
549540.873857626 1.
645654.2290346576 1.
758577.5750291852 1.
891250.9381337477 1.
1.0471285480509028e6 1.
1.2302687708123862e6 1.
1.445439770745931e6 1.
1.6982436524617495e6 1.
1.995262314968887e6 1.
2.3442288153199274e6 1.
2.7542287033381746e6 1.
3.2359365692962944e6 1.
3.80189396320562e6 1.
4.466835921509644e6 1.
5.248074602497744e6 1.
6.165950018614835e6 1.
7.244359600749921e6 1.
8.511380382023795e6 1.
1.0000000000000041e7 1.