#Columns: M_EDO [M_sun], f_EDO
1.e-7 1.
1.1748975549395303e-7 1.
1.380384264602884e-7 1.
1.6218100973589298e-7 1.
1.9054607179632483e-7 1.
2.2387211385683377e-7 1.
2.6302679918953816e-7 1.
3.090295432513592e-7 1.
3.6307805477010174e-7 1.
4.2657951880159254e-7 1.
5.011872336272725e-7 1.
5.888436553555896e-7 1.
6.918309709189363e-7 1.
8.128305161640995e-7 1.
9.549925860214369e-7 1.
1.122018454301963e-6 1.
1.3182567385564074e-6 1.
1.5488166189124828e-6 1.
1.8197008586099826e-6 1.
2.1379620895022326e-6 1.
2.5118864315095823e-6 1.
2.951209226666384e-6 1.
3.467368504525317e-6 1.
4.073802778041131e-6 1.
4.78630092322638e-6 1.
5.623413251903491e-6 1.
6.606934480075964e-6 1.
7.762471166286928e-6 1.
9.120108393559096e-6 1.
0.00001071519305237607 1.
0.000012589254117941688 1.
0.000014791083881682072 1.
0.000017378008287493764 1.
0.000020417379446695318 1.
0.0000239883291901949 1.
0.00002818382931264455 1.
0.000033113112148259144 1.
0.000038904514499428046 1.
0.000045708818961487516 1.
0.000053703179637025325 1.
0.00006309573444801943 1.
0.00007413102413009176 1.
0.00008709635899560814 1.
0.00010232929922807547 1.
0.00012022644346174131 1.
0.00014125375446227554 1.
0.00016595869074375615 1.
0.00019498445997580475 1.
0.00022908676527677748 1.
0.00026915348039269167 1.
0.00031622776601683826 1.
0.0003715352290971728 1.
0.00043651583224016654 1.
0.0005128613839913654 1.
0.0006025595860743581 1.
0.0007079457843841388 1.
0.0008317637711026717 1.
0.000977237220955811 1.
0.001148153621496884 1.
0.0013489628825916547 1.
0.001584893192461114 1.
0.0018620871366628695 1.
0.0021877616239495542 1.
0.002570395782768867 1.
0.003019951720402019 1.
0.0035481338923357567 1.
0.00416869383470336 1.
0.004897788193684466 1.
0.005754399373371578 1.
0.006760829753919825 1.
0.00794328234724282 1.
0.009332543007969924 1.
0.010964781961431863 1.
0.012882495516931356 1.
0.015135612484362102 1.
0.017782794100389247 1.
0.02089296130854042 1.
0.024547089156850336 1.
0.028840315031266085 1.
0.03388441561392029 1.
0.039810717055349776 1.
0.046773514128719884 1.
0.05495408738576254 1.
0.06456542290346562 1.
0.07585775750291847 1.
0.08912509381337468 1.
0.10471285480509009 1.
0.1230268770812383 1.
0.14454397707459293 1.
0.1698243652461747 1.
0.19952623149688822 1.
0.2344228815319925 1.
0.275422870333817 1.
0.3235936569296287 1.
0.38018939632056176 1.
0.44668359215096376 1.
0.5248074602497733 1.
0.6165950018614831 1.
0.7244359600749911 1.
0.8511380382023778 1.
1.0000000000000016 1.
1.1748975549395313 1.
1.380384264602887 1.
1.6218100973589324 1.
1.9054607179632501 0.9497353108654911
2.2387211385683434 0.8420578924960815
2.630267991895386 0.7465885349348301
3.0902954325135954 0.6619431341518242
3.6307805477010193 0.5619029317520784
4.265795188015934 0.4735350419220527
5.011872336272731 0.399064363713014
5.888436553555899 0.33949195162625617
6.918309709189376 0.29570270430053225
8.128305161641007 0.2575615972979237
9.549925860214376 0.22434010726948375
11.220184543019652 0.20119814300637912
13.182567385564095 0.18256499322280598
15.488166189124843 0.1656574770145192
18.197008586099862 0.15140255655853482
21.379620895022356 0.14448645846197786
25.11886431509585 0.13788628906549344
29.512092266663917 0.1315876166848955
34.67368504525324 0.13049389225833757
40.73802778041134 0.13319142610875676
47.86300923226393 0.1359447226370165
56.23413251903502 0.13875493455385646
66.06934480075971 0.14641369182661582
77.62471166286932 0.1544951840684172
91.20108393559116 0.16302274468018793
107.15193052376081 0.17202100276610335
125.89254117941701 0.18151594267748505
147.910838816821 0.19153496908104534
173.780082874938 0.20210700966393647
204.17379446695338 0.21326269260719044
239.8832919019495 0.2250341530596831
281.83829312644605 0.2374553627931709
331.13112148259177 0.25056335645763644
389.04514499428126 0.26439802428679077
457.0881896148761 0.27899656292550384
537.0317963702538 0.294401148927698
630.9573444801943 0.3106498700510945
741.3102413009192 0.32779268926845895
870.9635899560823 0.3458815132295912
1023.2929922807567 0.364968917677698
1202.2644346174156 0.38511200994748496
1412.537544622757 0.40636682474085245
1659.5869074375648 0.4287947194180751
1949.8445997580495 0.452461717937783
2290.8676527677794 0.4774360116005779
2691.534803926922 0.5037887983363297
3162.277660168386 0.5315961661088404
3715.3522909717353 0.5609384026696
4365.1583224016695 0.5919002273712777
5128.613839913659 0.624571035776505
6025.595860743593 0.6590451577681985
7079.457843841395 0.695422129906666
8317.637711026726 0.7338069828198651
9772.372209558132 0.7743105444565929
11481.536214968864 0.8170497600781818
13489.628825916561 0.8621480299126124
15848.931924611174 0.9097355654459462
18620.871366628733 0.9495881643103483
21877.616239495565 0.9646557952040725
25703.9578276887 0.9799625123767571
30199.517204020252 0.9955121095401798
35481.3389233576 1.
41686.93834703363 1.
48977.881936844766 1.
57543.9937337159 1.
67608.29753919832 1.
79432.82347242838 1.
93325.43007969944 1.
109647.81961431874 1.
128824.95516931375 1.
151356.12484362134 1.
177827.94100389266 1.
208929.6130854045 1.
245470.89156850387 1.
288403.15031266114 1.
338844.1561392034 1.
398107.17055349855 1.
467735.14128719905 1.
549540.873857626 1.
645654.2290346576 1.
758577.5750291852 1.
891250.9381337477 1.
1.0471285480509028e6 1.
1.2302687708123862e6 1.
1.445439770745931e6 1.
1.6982436524617495e6 1.
1.995262314968887e6 1.
2.3442288153199274e6 1.
2.7542287033381746e6 1.
3.2359365692962944e6 1.
3.80189396320562e6 1.
4.466835921509644e6 1.
5.248074602497744e6 1.
6.165950018614835e6 1.
7.244359600749921e6 1.
8.511380382023795e6 1.
1.0000000000000041e7 1.