#Columns: M [M_sun], f_PBH
0.5000650959424541 294.5611066611296
0.5040753451664597 283.0095371970877
0.5082970775524251 271.96180400457723
0.5125541677961187 261.3230570284068
0.5168469120267096 251.0789373075459
0.5211756088535081 241.21556406694395
0.5255405593867373 231.71951960678655
0.5299420672584796 222.57783464507872
0.5343804386437966 213.77797410064125
0.5388559822820278 205.3078233039447
0.5433690094982665 197.155674623552
0.5479198342250171 189.31021449627707
0.5525087730240307 181.76051084948264
0.5571361451083274 174.4960009042628
0.5618022723644007 167.50647934855334
0.5665074793746078 160.7820868695287
0.5712520934397485 154.31329903491562
0.5760364446018326 148.09091551315234
0.5808608656670383 142.1060496225923
0.5857256922288624 136.3501182002224
0.5906312626914645 130.8148317806259
0.5955779182932076 125.4921850761769
0.6005660031303939 120.3744477497048
0.6055958641812018 115.45415547110191
0.610667851329822 110.72410124958868
0.6157823173907949 106.17732703358482
0.6209396181335539 101.80711557034209
0.6261401123071736 97.60698251773319
0.6314281257609946 93.57601159046915
0.637263491567912 89.7606065230012
0.6431527851184815 86.0922290833554
0.6490965047878912 82.56552396964355
0.6550951535570828 79.17532029385985
0.661149239055313 75.9166255754189
0.6672592736031139 72.78461991984454
0.6734257742556461 69.77465037720722
0.6796492628464533 66.88222547505168
0.6859302660316235 64.10300992070357
0.6922693153343561 61.4328194679884
0.69866694718994 58.86761594353185
0.7051237029911518 56.40350242794231
0.7116401291340685 54.036718587315356
0.7182167770643051 51.76363615061925
0.724854203323683 49.58075452864757
0.7315529695973229 47.484696570349335
0.7383136427611802 45.47220445245748
0.7451367949300152 43.540135698458336
0.7520230035058056 41.685459323051404
0.7589728512266121 39.905252098357735
0.7659869262158897 38.19669493824386
0.7730658220322568 36.55706939722729
0.780210137719726 34.983754280530874
0.7874204778583971 33.47422236195182
0.7947238313788898 32.02696569567709
0.8025954849138975 30.655375783680743
0.8105451063252028 29.33908835926053
0.8185734678761808 28.076003486611178
0.8266813494793932 26.864096344326583
0.8348695387723504 25.701414692998412
0.8431388311940274 24.586076423344803
0.8514900300621372 23.516267182452392
0.8599239466511654 22.490238075782568
0.8684414002711858 21.50630344265837
0.8770432183474491 20.562838703015927
0.8857302365007627 19.658278273265516
0.8945032986286686 18.791113549168987
0.9033632569874233 17.959890953701855
0.9123109722747872 17.163210047924586
0.9213473137136403 16.399721702945005
0.9304731591364216 15.668126331109638
0.9396893950704037 14.96717217461432
0.948996916823818 14.295653649776712
0.9583966285728247 13.652409745265306
0.9678894434493526 13.036322472626892
0.9774762836298038 12.446315367504322
0.987158080424636 11.881352039982167
0.9969357743688375 11.340434772542801
1.0071735874443923 10.826255420839459
1.017682523766539 10.335506904097482
1.0283011112391922 9.865602054571069
1.0390304939719401 9.41571060229726
1.0498718280121089 8.985033302523263
1.0608262814693237 8.572800847369463
1.0718950346413645 8.178272813365723
1.083079280141342 7.800736643747602
1.0943802230261959 7.439506664433506
1.1057990809265317 7.093923132634125
1.11733708417782 6.763351317076571
1.1289954759529588 6.447180608855875
1.140775512396216 6.14482366195505
1.1526784627585815 5.855715562503296
1.1647056095345183 5.579313025869584
1.176858248600146 5.315093620715485
1.1891376893528702 5.062555019156551
1.2015452548524612 4.821214272207812
1.214082281963609 4.590607109712441
1.226750121499966 4.370287263976925
1.23955013836969 4.159825816359503
1.2524837117225105 3.9588105660804924
1.2658366926196953 3.767696725096297
1.2796130079479215 3.585970108567538
1.2935392532514198 3.4124037907008855
1.30761706024353 3.2466556732641845
1.3218480783958022 3.0883970492587935
1.3362339751312682 2.937312112994744
1.3507764360198067 2.7930974869365333
1.365477164975637 2.6554617647815
1.3803378844569676 2.524125070248955
1.395360335667813 2.398818631074186
1.4105462787620022 2.279284367716552
1.4258974930494215 2.165274496305674
1.4414157772044836 2.0565511453645025
1.4571029494768828 1.9528859858615615
1.472960847904634 1.8540598741587873
1.4889913305294273 1.75986250743426
1.505196275614339 1.6700920911720554
1.5215775818639015 1.5845550183241053
1.5381371686465664 1.5030655597607954
1.5548769762196013 1.4254455656389815
1.571798965956422 1.3515241773275306
1.5890561132540888 1.2812705167687208
1.6070037594092448 1.2147972289200526
1.6251541158399057 1.1514991823219436
1.6435094720638963 1.091235477175445
1.662072143458078 1.0338710188418891
1.680844471550407 0.9792762954163905
1.6998288243153061 0.9273271632339969
1.7190275964723651 0.8779046400444479
1.7384432097884068 0.8308947055995928
1.7580781133829824 0.7861881094055343
1.777934784037304 0.7436801853993162
1.7980157265066667 0.7032706733174298
1.8183234738364091 0.664863546530682
1.838860587681433 0.6283668461271101
1.8596296586293326 0.5936925210314066
1.8806333065271816 0.5607562739559758
1.9018741808119983 0.5294774129852804
1.9233549608449576 0.4997787086012771
1.9450783562493654 0.4715862559639467
1.9670471072524545 0.4448293422667361
1.9892639850310454 0.41944031899247136
2.0123246766485385 0.3954965036991471
2.0358724129915173 0.37282872034781844
2.0596956992461553 0.35132439684668026
2.0837977598308304 0.33092830332433393
2.1081818568952806 0.3115876240394147
2.132851290762138 0.29325185971488144
2.157809400373603 0.275872733517061
2.183059563743375 0.25940410055286084
2.2086051984138533 0.24380186076290764
2.2344497619186847 0.22902387509251784
2.260596752250744 0.21502988482660482
2.2870497083355716 0.20178143397885057
2.3138122105103536 0.18924179462969828
2.340887881008519 0.17737589511212615
2.368280384449998 0.16615025094878902
2.395993428337209 0.1555328984490524
2.4240307635568716 0.14549333087991465
2.4523961848876774 0.1360024371310468
2.481093531513889 0.12703244280144638
2.5101266875449864 0.1185568536440365
2.5405129558594584 0.11061472129691337
2.571332822407432 0.10311439074471535
2.602526575721796 0.0960291150695634
2.634098751555934 0.08933755140718268
2.666053940688073 0.08301935367860146
2.6983967895888035 0.07705513155329434
2.7311320010966984 0.07142641180652319
2.7642643351021454 0.0661156023011301
2.797798609239455 0.06110595895063654
2.8317396995873665 0.05638155620431932
2.866092541378076 0.05192726186412462
2.9008621297148265 0.04772871744043335
2.936053520298244 0.04377232584279877
2.9716718301614553 0.040045249078311904
3.0077222384141318 0.03653541993272988
3.0442099869955745 0.03323157352919275
3.081140381436912 0.030123307431638657
3.1185187916325536 0.027201182792677293
3.156350652621017 0.024456883865237547
3.1958947598829344 0.02190387583803303
3.23616815335882 0.019517339106124167
3.2769490561064187 0.017290231742063674
3.3182438635555376 0.015222102722422567
3.360059051728632 0.013315492395623959
3.4024011782564285 0.011575893712057809
3.4452768834062932 0.010010663401691133
3.4886928911236046 0.00862637499149362
3.532656010086226 0.007424987676840116
3.57717313477226 0.006400615323448963
3.6222512465412864 0.005538996698377929
3.6678974147291976 0.004819989576192701
3.7141187977568357 0.0042213440204343445
3.7609226442526205 0.0037218101594985137
3.8083162941893 0.0034195497684134987
3.8563071800350315 0.0033166285703538994
3.9049028279189804 0.00321729227934359
3.9541108588116023 0.0031214039859101075
4.004877607720742 0.0030292819471169465
4.057424330346083 0.0029408342576403516
4.110660501770891 0.0028553900049191738
4.164595168033119 0.0027728356721545178
4.219237493860904 0.002693062108471727
4.274596764229847 0.0026159643863643708
4.330682385940765 0.0025414416600797506
4.387503889218113 0.0024693970254426904
4.445070929329372 0.0023997373816478386
4.503393288225716 0.002332373295212524
4.562480876204192 0.0022672188666250834
4.622343733591675 0.002204191599804315
4.68299203245099 0.00214321227463478
4.744436078309341 0.0020842048227370717
4.806686311909476 0.002027096206600273
4.869753310983807 0.001971816302169001
4.933647792051787 0.0019182977849466357
4.998380612240918 0.0018664760196496926
5.066202538427773 0.0018167550155662817
5.135536721759422 0.0017686978477110518
5.205819787205796 0.0017221238783305605
5.277064720818281 0.0016769800741999609
5.349284686370575 0.001633215493134648
5.422493027790955 0.001590781199680697
5.4967032716277835 0.0015496301838941015
5.571929129548773 0.0015097172831410421
5.648184500874496 0.0014709991068469015
5.725483475146486 0.001433433964118258
5.803840334730577 0.0013969817941594125
5.8832695574558 0.001361604099403291
5.963785819289412 0.001327263881275323
6.045403997048576 0.0012939255785083717
6.128139171149089 0.0012615550079266812
6.212006628391765 0.0012301193076171175
6.297021864786955 0.0011995868824065967
6.38641082615173 0.0011702447841784886
6.477627689030808 0.0011417814099453098
6.570147398892329 0.001114113627592182
6.6639885642501895 0.0010872153954952788
6.759170059402957 0.0010610616481201362
6.85571102823012 0.001035628256432771
6.953630888042437 0.0010108919897354174
7.052949333487405 0.0009868304791282477
7.153686340510407 0.0009634221824938566
7.255862170372495 0.000940646350944866
7.359497373725546 0.0009184829966768031
7.4646127947456185 0.0008969128621702588
7.571229575325334 0.0008759173906880473
7.679369159326166 0.0008554786980149059
7.789053296891461 0.0008355795453890569
7.900304048821006 0.0008162033135766649
8.016119208049194 0.0007974851939672474
8.135503242666728 0.0007793419788370807
8.256665263283674 0.000761663152018754
8.379631749439158 0.0007444348804871795
8.504429575031955 0.0007276438112624232
8.631086014193748 0.0007112770526557341
8.759628747249762 0.0006953221562991536
8.890085866768183 0.0006797670999256922
9.022485883699733 0.0006646002708683326
9.156857733608641 0.0006498104502474152
9.293230782996334 0.0006353867978171297
9.431634835719489 0.0006213188374430269
9.572100139503501 0.0006075964431836148
9.714657392553022 0.0005942098259501898
9.85933775026096 0.0005811495207201049
10.006420351456287 0.0005684132752580502
10.16146572156168 0.0005561396234667955
10.318913455943896 0.0005441580029580368
10.47880077824987 0.000532460444307457
10.641165488891673 0.0005210392321981321
10.806045973983224 0.0005098868961114483
10.973481214415463 0.0004989962013944124
11.143510795072249 0.0004883601406873349
11.31617491418894 0.00047797192569656746
11.491514392855999 0.0004678249792976196
11.669570684669951 0.0004579129277232546
11.850385885533703 0.00044822959412507544
12.034002743608925 0.0004387689904232064
12.220464669422453 0.00042952531131703963
12.4098157461294 0.00042049292767131147
12.602574037638087 0.0004116737397820278
12.805093649342192 0.00040315601343750816
13.010867690895468 0.0003948288203691679
13.21994846001645 0.000386687361434454
13.432389094832391 0.00037872697780675307
13.648243587384416 0.0003709431462131869
13.867566797349696 0.00036333147435466036
14.090414465984091 0.0003558876965006097
14.31684323028878 0.0003486076692512129
14.54691063740476 0.00034148736746013986
14.780675159238388 0.00033452288031122866
15.01819620732218 0.000327710407542741
15.259534147914238 0.00032104625581314786
15.504750317340545 0.0003145268352026307
15.753907037583492 0.00030814865584476706
16.012328178350664 0.0003019544644378428
16.27822789119144 0.000295920195675092
16.548543117910093 0.00029001419332845297
16.823347182251865 0.0002842334453959955
17.102714625571526 0.0002785750209369266
17.386721227052867 0.00027303606753464714
17.67544402426395 0.0002676138088506229
17.968961334053997 0.000262305542265486
18.267352773796773 0.000257108636603927
18.570699282987132 0.0002520205299400703
18.87908314519619 0.00024703872748018117
19.19258801039073 0.00024216079951968464
19.511298917623694 0.00023738437947159094
19.835302318101114 0.0002327071619635605
20.205263641449065 0.00022833678589855125
20.605218310714072 0.00022416755244277831
21.0130899139179 0.0002200782921706094
21.429035163427862 0.0002160673381418953
21.85321387366627 0.00021213306266097798
22.285789022514557 0.0002082738762069739
22.72692681393266 0.00020448822639775835
23.176796741817682 0.00020077459698649035
23.635571655126864 0.00019713150618132105
24.1034278242898 0.00019355750832779958
24.580545008934735 0.0001900511893098998
25.067106526955886 0.0001866111679802126
26.14811197320952 0.00018512241976755505
27.348389676863754 0.000183867375996157
28.60376377016791 0.00018262120691715398
29.91676334463439 0.00018138384500763517
31.290033584751743 0.00018015522331949933
33.48835697869347 0.00018080801298533914
36.09643127453798 0.0001820470827876401
38.90762247865515 0.00018329501120048445
54.19325844061277 0.00021306923423230893
61.702179233926266 0.00023448996607160186
66.24785758963488 0.00025131258254996466
70.265994296258 0.00026790278905708186
74.52784337608853 0.00028565841022309415
79.04818673556558 0.0003046704256049614
82.25546074290267 0.0003221481676618794
85.44602386770063 0.0003404284553258243
88.7603440411049 0.00035982619431688967
92.20322160916162 0.0003804184482841749
95.77964311597478 0.000402288523694034
99.49478852604408 0.0004255265682810455
102.31094951406259 0.000448045086877693
105.04310582455047 0.0004715144854662435
107.84822283123354 0.0004963343008613147
110.72824890843027 0.0005225940569317323
113.6851844606987 0.0005503903164049104
116.72108331227345 0.0005798273297307779
119.8380541336105 0.0006110177506023476
123.03826190602227 0.0006440834257713549
126.17018414292288 0.0006787422764510908
128.32980954706187 0.0007125639275804942
130.52640075193963 0.0007482880158725976
132.76059049248406 0.0007860405473983004
135.0330223339983 0.0008259574164387669
137.34435085754097 0.0008681852905894666
139.6952418484818 0.0009128825807753454
142.08637248828157 0.0009602205042502025
144.51843154955776 0.0010103842493180213
146.99211959448604 0.0010635742512049087
149.50814917660102 0.0011200075892216382
152.06724504604873 0.0011799195161038903
154.67014435835281 0.001243565130947229
157.31759688675507 0.00131122120847401
159.2887950374991 0.0013797289246180336
160.71935091413616 0.0014495907696475598
162.162754462298 0.0015236103699621092
163.61912106556775 0.001602080679671087
165.08856714377703 0.0016853179995659031
166.57121016231164 0.0017736639159107958
168.06716864150124 0.0018674873867814258
169.57656216609453 0.001967186982453361
171.09951139481794 0.0020731932852067346
172.63613807002105 0.0021859714522295373
174.18656502740905 0.002306023942913871
175.75091620586178 0.002433893408566965
177.3293166573402 0.0025701657382055506
178.9218925568846 0.002715473248404127
180.52877121269992 0.002870497998187226
182.1500810763323 0.003035975200904649
183.78595175293793 0.003212696694985957
185.43651401164294 0.0034015144233368023
187.10189979599767 0.004062889995002023
188.78224223452344 0.005218150433780724
190.4776756513546 0.0068410647964421215
192.18833557697621 0.009056280417309858
193.91435875905887 0.011909313511682281
195.6558831733896 0.015369602775421033
197.41304803490047 0.01939856815098847
199.1859938087994 0.02398929205799213
199.1860038087994 10.