#Columns: M [M_sun], f_PBH
0.0023943315815027574 808.7938620539993
0.002444467648644418 785.9614186572882
0.002495653539147159 763.7417087851323
0.0025479112357701447 742.1191003529287
0.002601263181580169 721.0783404779967
0.0026557322895902546 700.6045467301955
0.0027113419526000873 680.6831985746446
0.0027681160532425086 661.3001290025363
0.002826078974240345 642.4415163460976
0.002885255608878068 624.0938762738525
0.0029456713716926627 606.2440539623949
0.0030073522093884007 588.879216440975
0.0030703246119801447 571.9868451052628
0.0031346156241699894 555.5547283967311
0.003200252856962139 539.5709546441748
0.0032672644995209543 524.0239050639398
0.0033356793312773517 508.9022469155269
0.0034055267342886788 494.19492680927806
0.0034768367058573856 479.89116416292995
0.0035496398714139504 465.98044480389376
0.003623967497669554 452.45251471416225
0.0036998515060441676 439.29737391483064
0.0037773244863758154 426.5052704872542
0.0038564197109169024 414.06669472795187
0.0039371711486236236 401.9723734344034
0.004019613479744576 390.2132643189526
0.004103782110714858 378.7805505480869
0.004189713189362041 367.66563540442104
0.004277443620430539 356.8601370687533
0.00436701108143106 346.35588351964134
0.0044584540388219445 336.14490754796725
0.004551811764529297 326.21944188403404
0.004647124352813085 316.5719144347832
0.004744432737486377 307.19494362875866
0.004843778709495157 298.0813338665089
0.004945204934866239 289.22407107415205
0.005048754973031009 280.6163183578866
0.005154473295532856 272.2514117572644
0.005262405305126338 264.12285609509786
0.0053725973552762405 256.2243209219111
0.005485096770064972 248.54963655288705
0.0055999518645167955 241.0927901953103
0.005717211965347638 233.84792216453974
0.005836927432149383 226.8093221865921
0.005959149679017786 219.971425785449
0.006083931196633205 213.32881075325014
0.0062113255748037525 206.87619370156324
0.006341387525480452 200.60842669196086
0.006474172906254336 194.52049394417952
0.0066097387443455466 188.60750862015712
0.0067481432610947915 182.864709682296
0.006889445896967577 177.28745882431915
0.0070337073370820725 171.8712374731325
0.0071809895372714925 166.61164386013348
0.007331355750692209 161.50439016043518
0.007484870554989035 156.54529969851967
0.007641599880029316 151.73030421884903
0.0078016110362178065 147.05544122000745
0.007964972743404346 142.51685135096818
0.00813175516039697 138.1107758681136
0.008302029915092945 133.8335541516647
0.008475870135240706 129.6816212802013
0.008653350479845992 125.65150566198729
0.00883454717123557 121.73982672183706
0.009019538027792389 117.9432926422917
0.009208402497376148 114.25869815789116
0.009401221691443718 110.68292240136415
0.009598078419883992 107.21292680057512
0.009799057226582196 103.84575302509413
0.01000424442572883 100.57852098128197
0.010213728138889027 97.40842685480203
0.010427598332847968 94.3327411994984
0.01064594685824887 91.34880707159681
0.010868867489039999 88.45403820821343
0.011096455962747685 85.64591724917152
0.011328810021592629 82.92199400115294
0.01156602945446716 80.27988374322945
0.011808216139791524 77.71726557283885
0.012055474089267453 75.2318807912924
0.012307909492548027 72.82153132791916
0.012565630762842837 70.48407820197173
0.012828748583478109 68.21744002143598
0.01309737595543176 66.01959151790814
0.013371628245863883 63.88856211671793
0.013651623237663316 61.82243454149509
0.013937481180031741 59.81934345239563
0.014229324840127114 57.877474117217524
0.014527279555788242 55.99506111465664
0.014831473289363583 54.17038706896475
0.015142036682667104 52.40178141529288
0.015459103113084892 50.687619195014776
0.01578280875085669 49.026319880341916
0.016113292617556674 47.41634622755709
0.01645069664579908 45.85620315820772
0.01679516574019378 44.344436667613664
0.01714684783957835 42.87963276005953
0.017505893980553272 41.460416410055295
0.01787245836234744 40.08545054906078
0.018246698413042006 38.7534350770854
0.01862877485718084 37.46310589858481
0.01901885178479682 36.21323398209137
0.019417096721883347 35.00262444302502
0.01982368070234167 33.830115649146016
0.020238778341434612 32.69457834812072
0.02066256791077842 31.594914816684383
0.021095231414904998 30.530058030896278
0.021536954669427132 29.498970856992685
0.02198792738084066 28.500645262355786
0.02244834322799741 27.53410154612583
0.022918399945284475 26.59838758899476
0.023398299407544853 25.692578121730566
0.02388824771677656 24.815774011989962
0.024388455290647017 23.96710156898922
0.02489913695286099 23.145711865609687
0.025420512025420727 22.35078007752693
0.025952804422817912 21.581504838959113
0.026496242748198114 20.837107614640985
0.02705106039153873 20.11683208763801
0.02761749562988284 19.419943562623423
0.028195791729671682 18.745728384250427
0.02878619705122027 18.0934933702592
0.029388965155380378 17.462565258966766
0.03000435491243704 16.85229017079595
0.03063263061328545 16.262033083507024
0.031274062082935726 15.691177320803353
0.031928924796394344 15.139124053990015
0.032597499996972173 14.605291816371505
0.03328007481706987 14.089116030081406
0.03397694240149228 13.590048545044665
0.0346884020333451 13.107557189779024
0.03541475926256778 12.641125333749734
0.03615632603715771 12.190251460997294
0.036913420837142344 11.754448754765095
0.037686368811356424 11.333244692859832
0.038475501917083425 10.926180653483332
0.03928115906262102 10.532811531281189
0.04010368625283155 10.152705363358578
0.040943436737740625 9.785442965020126
0.04180077116424698 9.430617574995622
0.04267605773100919 9.087834509919501
0.04356967234657567 8.756710827836924
0.044481998790825726 8.436875000514586
0.045413428879791266 8.127966594339746
0.04636436263392954 7.829635959595931
0.04733520844991968 7.541543927908199
0.04832638327605639 7.263361517656616
0.04933831279131647 6.9947696471601235
0.05037143158817467 6.7354588554387895
0.05142618335924772 6.485129030365696
0.05250302108784688 6.243489144025238
0.053602407242519835 6.010256995098068
0.05472481397566703 5.7851589580976395
0.05587072332631631 5.56792973928708
0.05704062742714398 5.358312139109399
0.05823502871583054 5.156056820967821
0.059454440150841927 4.960922086196878
0.06069938543172972 4.772673655068711
0.06197039922404362 4.591084453682762
0.06326802738895393 4.415934406590339
0.06459282721768193 4.247010235009534
0.06594536767083957 4.084105260488897
0.06732622962278012 3.9270192138820494
0.0687360061110658 3.775558049498375
0.07017530259115948 3.629533764298353
0.07164473719644858 3.488764222005208
0.07314494100371463 3.353072982007452
0.07467655830416108 3.22228913293011
0.07624024688011667 3.0962471307552093
0.07783667828753241 2.974786641375071
0.07946653814439406 2.857752387464618
0.08113052642517438 2.7449939995617676
0.08282935776144981 2.6363658712476528
0.08456376174881329 2.5317270183208764
0.08633448326021267 2.4309409418627927
0.08814228276585087 2.333875495093063
0.08998793665978413 2.2404027539173965
0.09187223759335938 2.1503988910716076
0.09379599481563365 2.0637440537684806
0.09576003452092124 1.980322244756342
0.09776520020361895 1.9000212067002435
0.09981235302046071 1.8227323097990282
0.10190237216035782 1.748350442553543
0.10403615522198358 1.676773905603466
0.10621461859926402 1.607904308552059
0.10843869787494066 1.5416464697003431
0.11070934822237508 1.477908318613974
0.11302754481576538 1.4166008014480584
0.11539428324895407 1.3576377889569846
0.11781057996300501 1.3009359871181205
0.12027747268273274 1.2464148503000307
0.1227960208623737 1.1939964969075636
0.12536730614058927 1.1436056274378272
0.12799243280499592 1.0951694448827396
0.13067252826642242 1.0486175774154332
0.13340874354309848 1.0038820032993467
0.13620225375498127 0.9608969779603623
0.13905425862843304 0.9195989631638857
0.14196598301146665 0.8799265582401417
0.14493867739977992 0.8418204333024636
0.14797361847380536 0.8052232644046747
0.15107210964700407 0.770079670585088
0.15423548162564232 0.7363361527458772
0.1574650929802886 0.703941034317982
0.16076233072927776 0.6728444036628691
0.1641286109343921 0.6429980581637537
0.16756537930901694 0.6143554499600978
0.17107411183902932 0.586871633280328
0.1746563154166885 0.5605032133289141
0.1783135284877997 0.5352082966850252
0.18204732171242882 0.5109464431711086
0.18585929863945302 0.4876786191507534
0.18975109639523471 0.4653671522163136
0.19372438638671705 0.4439756872276949
0.19778087501924208 0.4234691436647669
0.20192230442939815 0.4038136742568115
0.20615045323321474 0.3849766248533379
0.21046713729002245 0.3669264955015655
0.21487421048230887 0.3496329026967297
0.21937356551190385 0.33306654277230374
0.22396713471283594 0.3171991563980338
0.2286568908812111 0.3020034941545824
0.2334448481224671 0.28745328315438956
0.23833306271636928 0.2735231946791614
0.24332363400012014 0.2601888128052382
0.2484187052699591 0.2474266039888516
0.25362046470164235 0.23521388758410547
0.2589311462901966 0.22352880726727292
0.264353030809351 0.2123503033418096
0.26988844679105933 0.20165808589928255
0.2755397715255319 0.1914326088122088
0.28130943208220843 0.1816550445356618
0.2871999063521107 0.17230725969535965
0.2932137241120179 0.16337179144089797
0.2993534681109296 0.1548318245437809
0.30562177517927597 0.14667116922101778
0.3120213373613548 0.1388742396663043
0.3185549030714814 0.13142603327221744
0.325225278274348 0.12431211052854518
0.3320353276900995 0.11751857558385499
0.3389879760246405 0.11103205745984938
0.34608620922570765 0.10483969191106425
0.3533330757652421 0.09892910392625363
0.36073168794861304 0.0932883908726416
0.368285223251257 0.08790610629044028
0.37599692568330567 0.0827712443531677
0.38387010718278897 0.07787322501997858
0.3919081490380085 0.07320187992042282
0.4001145844293118 0.06874746152786256
0.40849311836308855 0.06450062804439727
0.4170471016146641 0.060452296745665525
0.4257802081517469 0.056593822661400034
0.4346961888761639 0.052916916063069135
0.44379887323488887 0.049413635289228236
0.4530921708648015 0.04607638173155203
0.4625800732718934 0.042897897597128885
0.47226665554563246 0.03987126729940865
0.4821560781092316 0.0369899236570047
0.49225258850656434 0.03424766052678943
0.5025605711854552 0.03163866029667091
0.5130847293614768 0.02915754638784883
0.5238292747140184 0.026799331677280488
0.5347988223872808 0.024559605097532276
0.5459980841715416 0.022434584713601057
0.5574318705270285 0.020421245908946038
0.5691050926501724 0.01851748463779673
0.5810227645831331 0.016722309518193944
0.5931900053674996 0.015036036034209992
0.6056120412430891 0.013460417921586773
0.6182942078927951 0.011998594712698443
0.6312419806606832 0.010654684197730871
0.6444621760238609 0.009432915878369523
0.6579592439189604 0.008336034845003058
0.6717389829288942 0.007363958402328171
0.6858073130771645 0.006512663185588039
0.7001702783712135 0.005774162276854477
0.7148340493990379 0.0051374915656603
0.7298049259801802 0.004590196910022064
0.7450893398722506 0.004119727866944085
0.7606938575341188 0.0037144012152396763
0.7766251829469896 0.0034360322844511413
0.7928901604945501 0.0033501943284865525
0.8095019948032949 0.003266854983429004
0.8264624715670728 0.0031859200881728246
0.8437782998604353 0.0031073119164800656
0.8614569249168691 0.003030956715711394
0.8795059479604733 0.0029567830611575527
0.8979331294742302 0.00288472179828836
0.9167463925367564 0.0028147059846362443
0.9359538262289682 0.0027466708315296495
0.9555636891121133 0.002680553645872579
0.9755844127786858 0.002616293772147364
0.9960246054777272 0.0025538325347996783
1.0168970098499905 0.0024931191243405476
1.0382077702124317 0.0024340937557255343
1.05996513283924 0.002376701919061488
1.0821784570202333 0.0023208923131673503
1.1048572981846465 0.0022666153380474915
1.1280114120115547 0.0022138230420214277
1.151650758626433 0.002162469069909932
1.1757855068856813 0.002112508612323838
1.2004260387509196 0.002063898356092441
1.2255829537549572 0.002016596435859904
1.251267073561366 0.001970562386870387
1.2775057971238204 0.00192577154515615
1.3043016979650506 0.0018821767600091463
1.331659647372723 0.0018397353607867858
1.3595914344108755 0.0017984120849342984
1.3881090954211674 0.0017581728504105468
1.4172249192095687 0.0017189847158041334
1.4469514523418325 0.00168081584162976
1.4773015045500641 0.001643635452789755
1.5082881542526716 0.0016074138021835256
1.5399247541901047 0.0015721221354458154
1.572224937178812 0.0015377326567930802
1.6052382736196484 0.0015042372677660113
1.6389677614917288 0.0014716018031513916
1.673405978012268 0.001439789077966179
1.7085678150853143 0.0014087748763234285
1.7444684775256631 0.0013785357830732837
1.781123489633775 0.0013490491559362422
1.8185487019088438 0.0013202930985714862
1.8567602979029454 0.001292246434555109
1.8957748012191806 0.0012648886822431555
1.9356090826568724 0.0012382000304944683
1.9762803675069078 0.0012121613152285132
2.017881780936661 0.0011867780205853233
2.060424541874455 0.0011620269764913546
2.103864226767513 0.0011378699726173724
2.1482197453566148 0.0011142903016160412
2.193510406054355 0.0010912717940849484
2.2397559243502885 0.0010687987994882644
2.2869764313932777 0.0010468561682365838
2.3351924827548043 0.0010254292341756583
2.384425067377012 0.0010045037977404305
2.4346956167094 0.0009840661097096455
2.486026014038168 0.0009641028555409853
2.5385950214356323 0.000944631563590483
2.5924328471950204 0.000925637178961115
2.647412450771674 0.0009070770673457215
2.703558046675853 0.0008889396146913814
2.7608943629524885 0.0008712135668975486
2.8194466520721053 0.0008538880174334222
2.8792407020526736 0.0008369523954014751
2.940302847817376 0.0008203964540314335
3.002659982793205 0.0008042102595895249
3.0663395707555607 0.0007883841806882521
3.131369657924049 0.0007729088779823957
3.1981537211633753 0.0007578203692948026
3.266698968735966 0.0007431016095351304
3.3367133298579446 0.0007287036714190016
3.408228291681197 0.0007146184247821726
3.481276016214029 0.0007008379799044996
3.5558893547852324 0.00068735467947428
3.6321018628181005 0.0006741610908412017
3.709947814921106 0.0006612499985473789
3.7894622203020556 0.0006486143971263022
3.8706808385125315 0.0006362474841599214
3.9536401955298714 0.0006241426535843659
4.039257077389196 0.0006123594635392872
4.127162777890362 0.0006008541954181388
4.216981555977965 0.000589588340746374
4.308755045651066 0.0005785561597457395
4.402525786982714 0.0005677520735744986
4.498337245838735 0.0005571706591601691
4.596233834025581 0.0005468066442142108
4.6962609298766695 0.0005366549024219679
4.798464899286791 0.0005267104488014192
4.902893117204209 0.0005169684352245414
5.009593989590564 0.0005074241460952873
5.12105661011501 0.0004981879460721183
5.2350530752023 0.0004891382478892608
5.351587140445532 0.00048026833919464113
5.470715293688835 0.000471574149552945
5.592495280214997 0.000463051716103655
5.716986130736477 0.00045469718001938156
5.844248190009521 0.00044650678428008396
5.9743431460851815 0.00043847686928079246
6.107334060211572 0.0004306038707011364
6.24328539740168 0.0004228843164472403
6.384473463236321 0.0004153833372498997
6.530939248738731 0.0004080884520714146
6.680765096186159 0.0004009322033605072
6.834028088538538 0.00039391162055657725
6.990807077110911 0.00038702380706632
7.151182722141126 0.0003802659381248707
7.315237534288262 0.0003736352587266621
7.483055917083005 0.00036712908162354104
7.654724210351842 0.00036074478538777253
7.830330734637579 0.0003544798125376428
8.012638719269685 0.00034838626568832476
8.203879047906838 0.00034249692421769063
8.399683773439788 0.00033671429152650807
8.600161835856062 0.00033103621111385236
8.805424775250355 0.0003254605767997342
9.01558679388212 0.00031998533135844124
9.230764819714283 0.0003146084651941032
9.451078571468633 0.00030932801505704653
9.676650625233716 0.0003041420627995636
9.907606482662581 0.0002990487341697694
10.151787017016398 0.0002941499684904315
10.407116685383665 0.0002894027395038378
10.668868202381038 0.0002847369347417295
10.93720308523484 0.0002801510126349908
11.212286913524139 0.0002756434650557044
11.49428943135375 0.00027121281647291353
11.78338465209721 0.0002668576231327962
12.079750965773869 0.0002625764722624756
12.38357124912695 0.00025836798129670634
12.702823580129266 0.0002543025784995874
13.046053792454602 0.0002504437862899578
13.398558082933482 0.00024664680983464037
13.760587037098649 0.00024291056556700479
14.132398011302271 0.00023923399152227332
14.514255315663586 0.00023561604683720462
14.906430401959541 0.00023205571126312004
15.309202056592364 0.00022855198469187352
15.722856598771129 0.00022510388669438062
16.1800226359543 0.00022191313729709173
16.6647323783448 0.0002188553401825753
17.163962714411532 0.00021584177267454523
17.67814864189073 0.00021287174017047992
18.207738189875112 0.0002099445603832612
18.753192809197902 0.00020705956308826438
19.314987774511913 0.00020421608987646463
19.893612598413917 0.00020141349391339868
20.5818753812388 0.00019905724672283258
21.304628246135728 0.0001967746252227782
22.052761291120273 0.00019451936854352468
22.82716576626226 0.00019229112255850588
23.628764218757123 0.0001900895382848403
24.458511591955627 0.00018791427179699476
25.377337403126038 0.00018596407960707855
26.54223421457801 0.00018470308157491553
27.760603325340853 0.00018345100357257776
29.034899276250556 0.00018220777769077916
30.367689279017664 0.00018097333659884365
31.855191698028825 0.00017998685448181715
34.33607503039662 0.00018122005614903727
37.01016963479698 0.00018246207127894178
40.31860804087365 0.00018459885651642746
54.19325844061277 0.00021306923423230893
61.702179233926266 0.00023448996607160186
66.24785758963488 0.00025131258254996466
70.265994296258 0.00026790278905708186
74.52784337608853 0.00028565841022309415
79.04818673556558 0.0003046704256049614
82.25546074290267 0.0003221481676618794
85.44602386770063 0.0003404284553258243
88.7603440411049 0.00035982619431688967
92.20322160916162 0.0003804184482841749
95.77964311597478 0.000402288523694034
99.49478852604408 0.0004255265682810455
102.31094951406259 0.000448045086877693
105.04310582455047 0.0004715144854662435
107.84822283123354 0.0004963343008613147
110.72824890843027 0.0005225940569317323
113.6851844606987 0.0005503903164049104
116.72108331227345 0.0005798273297307779
119.8380541336105 0.0006110177506023476
123.03826190602227 0.0006440834257713549
126.17018414292288 0.0006787422764510908
128.32980954706187 0.0007125639275804942
130.52640075193963 0.0007482880158725976
132.76059049248406 0.0007860405473983004
135.0330223339983 0.0008259574164387669
137.34435085754097 0.0008681852905894666
139.6952418484818 0.0009128825807753454
142.08637248828157 0.0009602205042502025
144.51843154955776 0.0010103842493180213
146.99211959448604 0.0010635742512049087
149.50814917660102 0.0011200075892216382
152.06724504604873 0.0011799195161038903
154.67014435835281 0.001243565130947229
157.31759688675507 0.00131122120847401
159.2887950374991 0.0013797289246180336
160.71935091413616 0.0014495907696475598
162.162754462298 0.0015236103699621092
163.61912106556775 0.001602080679671087
165.08856714377703 0.0016853179995659031
166.57121016231164 0.0017736639159107958
168.06716864150124 0.0018674873867814258
169.57656216609453 0.001967186982453361
171.09951139481794 0.0020731932852067346
172.63613807002105 0.0021859714522295373
174.18656502740905 0.002306023942913871
175.75091620586178 0.002433893408566965
177.3293166573402 0.0025701657382055506
178.9218925568846 0.002715473248404127
180.52877121269992 0.002870497998187226
182.1500810763323 0.003035975200904649
183.78595175293793 0.003212696694985957
185.43651401164294 0.0034015144233368023
187.10189979599767 0.004062889995002023
188.78224223452344 0.005218150433780724
190.4776756513546 0.0068410647964421215
192.18833557697621 0.009056280417309858
193.91435875905887 0.011909313511682281
195.6558831733896 0.015369602775421033
197.41304803490047 0.01939856815098847
199.1859938087994 0.02398929205799213
199.1860038087994 10.