#Columns: M [M_sun], f_PBH
1.e-7 1.0625847363608165
1.2589254117941662e-7 0.768047513424033
1.584893192461114e-7 0.5487214830987969
1.9952623149688787e-7 0.3943225306792391
2.5118864315095823e-7 0.28145899357773274
3.162277660168379e-7 0.20164897881435687
3.981071705534969e-7 0.14396696246771729
5.011872336272725e-7 0.11249169568939817
6.30957344480193e-7 0.09573641286725654
7.943282347242822e-7 0.08083558487854908
1.e-6 0.06362857758406887
1.2589254117941661e-6 0.049142170607117217
1.584893192461114e-6 0.03846205280501096
1.9952623149688787e-6 0.03113134324822911
2.5118864315095823e-6 0.02637313572070965
3.162277660168379e-6 0.022869846126082317
3.981071705534969e-6 0.020447961048657926
5.011872336272725e-6 0.01858247853379246
6.30957344480193e-6 0.016900406825333274
7.943282347242822e-6 0.015529611020240655
0.00001 0.014448505144360014
0.000012589254117941661 0.013604384017223843
0.00001584893192461114 0.012946718578830237
0.00001995262314968883 0.012430811574635499
0.000025118864315095822 0.01202775399510867
0.000031622776601683795 0.011767524172603966
0.000039810717055349695 0.011678209213880573
0.00005011872336272725 0.011786939571044115
0.00006309573444801943 0.012124754562585263
0.00007943282347242822 0.012721913770099774
0.0001 0.013613343679531273
0.00012589254117941674 0.01484021141079853
0.00015848931924611142 0.016438341566710556
0.0001995262314968881 0.018435518356168305
0.0002511886431509582 0.020869508715819232
0.00031622776601683794 0.02382582645379983
0.00039810717055349735 0.02748128411233613
0.0005011872336272725 0.03212967622808129
0.0006309573444801936 0.03816947723674589
0.0007943282347242822 0.04605400456089456
0.001 0.056200001937824796
0.0012589254117941688 0.06886589786082085
0.001584893192461114 0.08412027222752914
0.001995262314968879 0.10203767484579788
0.002511886431509582 0.12297601252574368
0.0031622776601683794 0.14764994772777512
0.003981071705534978 0.1769593473163476
0.005011872336272725 0.21175812719871295
0.006309573444801942 0.25272009517438954
0.00794328234724282 0.30018070236404837
0.01 0.3541155024966891
0.012589254117941687 0.41430399564309245
0.01584893192461114 0.48051465685652783
0.01995262314968883 0.5528515668517923
0.025118864315095822 0.6318695580849641
0.03162277660168379 0.7183431235118078
0.039810717055349776 0.8126550037651209
0.05011872336272725 0.9144801026430278
0.06309573444801943 1.0227349614380474
0.07943282347242822 1.1362934533776616
0.1 1.2535523908859598