#Columns: M [M_sun], f_PBH
2.5118864315095823e-7 36.71580204637663
3.162277660168379e-7 20.195482015274703
3.981071705534977e-7 11.79982883698311
5.011872336272725e-7 6.417635527841408
6.309573444801942e-7 3.420439624052517
7.943282347242822e-7 1.9369126375577046
1.e-6 1.1651376658543795
1.2589254117941687e-6 0.7114874096425468
1.584893192461114e-6 0.4194450271395793
1.995262314968883e-6 0.25200984620398736
2.5118864315095823e-6 0.15772176597991017
3.162277660168379e-6 0.10211356201907075
3.981071705534978e-6 0.06856425191413108
5.011872336272725e-6 0.04823268254136717
6.309573444801943e-6 0.035377196223539235
7.943282347242822e-6 0.027458687155083327
0.00001 0.02267447645660157
0.000012589254117941688 0.019456989543545394
0.00001584893192461114 0.016964242659824873
0.00001995262314968883 0.015091880574103286
0.000025118864315095822 0.01358769336642497
0.000031622776601683795 0.01245787888026773
0.000039810717055349776 0.011658063989858835
0.00005011872336272735 0.011525996486844515
0.00006309573444801943 0.011991980995854154
0.00007943282347242822 0.012705177575991407
0.0001000000000000001 0.013504613993856189
0.00012589254117941688 0.014572857055016673
0.00015848931924611158 0.016000358114601845
0.00019952623149688828 0.01784407255742173
0.0002511886431509582 0.02019754315986383
0.00031622776601683826 0.02312203358234719
0.00039810717055349773 0.026822933892818524
0.000501187233627273 0.03147528470007657
0.0006309573444801943 0.037633988843567216
0.0007943282347242822 0.0455559979317318
0.001000000000000001 0.05571791626597363
0.0012589254117941688 0.06837598382054848
0.0015848931924611158 0.08364083169928366
0.001995262314968883 0.10159324343880781
0.002511886431509582 0.12257190850545258
0.003162277660168386 0.14730944550518144
0.003981071705534978 0.17669158826234033
0.005011872336272725 0.21153815010052193
0.006309573444801942 0.25255386544011854
0.00794328234724282 0.3000701787097468
0.010000000000000021 0.3540337514763974
0.012589254117941687 0.41424858702973816
0.015848931924611172 0.48048486459570344
0.01995262314968883 0.5528307094578421
0.025118864315095822 0.6318589466384421
0.03162277660168386 0.7183382501174731
0.039810717055349776 0.8126531676091158
0.05011872336272735 0.9144755855775865
0.06309573444801943 1.0227324485251554
0.07943282347242822 1.1362920716153369
0.1000000000000002 1.2535515943983788