#Columns: M [M_sun], f_PBH
0.00031622776601683794 1.5038343289269291
0.00039810717055349735 0.9870153699175237
0.0005011872336272725 0.6958648699195396
0.000630957344480193 0.5283728238188874
0.0007943282347242813 0.42123177105360393
0.001 0.35492977916733487
0.0012589254117941675 0.31614770890219046
0.001584893192461114 0.2811850943775036
0.001995262314968879 0.26608726911130354
0.0025118864315095794 0.2653651677587721
0.0031622776601683794 0.2753880555154263
0.003981071705534973 0.29812511179641743
0.005011872336272725 0.3391221091987108
0.00630957344480193 0.4009715021638832
0.00794328234724282 0.4749131709036708
0.01 0.55496447659802
0.012589254117941675 0.644426060906425
0.01584893192461114 0.7465818181097447
0.0199526231496888 0.8579025953009479
0.025118864315095808 0.9705724375120887
0.03162277660168379 1.0778631266574037
0.039810717055349734 1.177934603402381
0.05011872336272725 1.2747843478997534
0.06309573444801936 1.3698219023085911
0.07943282347242822 1.4649208211294384
0.1 1.5640299694579558