#Columns: M_EDO [M_sun], f_EDO
251.4613700972956 1.
273.0666764231266 0.8146981865823503
296.52828879410634 0.66373313522057
322.0056991462102 0.5407421816388178
349.6721028010755 0.44054167478972867
379.7155758470213 0.3589085035651435
412.3403536794572 0.29240210700350744
447.7682193921875 0.23821946632861585
486.2400114578907 0.19407696722653908
528.0172609469815 0.1581141532568636
573.3839694146551 0.12881531393137058
622.6485395421912 0.1049456026639238
676.1458716570019 0.08516910421808609
734.2396403835585 0.06903711015636471
797.3247669018657 0.05596069868878478
865.8301036198727 0.045361107825111484
940.2213495102271 0.0367691996585769
1021.0042159298072 0.029804696321456582
1108.7278644432677 0.02415934888610045
1203.9886400208954 0.019583294266955254
1307.434124989053 0.01587399628004063
1419.767541291938 0.012867281391156952
1541.752530991213 0.010430072395027057
1674.218347501326 0.008392633118320343
1818.0654928505185 0.006740764559197431
1974.2718392895765 0.005414022774729105
2143.899276863026 0.004348415131231844
2328.1009321329016 0.0034925442578087815
2528.129007127968 0.0028051290009419093
2745.3432918074986 0.002253013313813292
2981.2204079073454 0.0018095670432680664
3237.3638470078936 0.0014534014797008405
3515.514871062655 0.0011673377170826746
3817.5643494892415 0.0009266407820177661
4145.565613291204 0.0007151435377458318
4501.748413593026 0.0005519185961856542
4888.534079478277 0.00042594824778212104
5308.551978173916 0.0003287294739524026
5764.657389476918 0.0002536999919771926
6259.950915933583 0.00019579529987185428
6797.799560721771 0.00015110682169574392
7381.85961652345 0.00011661807805362782
8016.101520985999 0.0000886163449081001
8704.836847739572 0.00006583171062183068
9452.747616455355 0.00004890535857567655
10264.918121194369 0.00003633103370433106
11146.869493415747 0.00002698976244050521
12104.597234603689 0.00002005027664566744
13144.611973659754 0.000014895040089884988
14273.983726129018 0.000011065294669000116
15500.389956134128 7.400885781159686e-6
16832.167767742074 4.688687950111548e-6
18278.37058056035 2.9704275060540814e-6
19848.829674842964 1.8818568568873838e-6
21554.221024489587 1.1922139902745781e-6
23406.137872268602 7.879412432037783e-7
25417.169540629115 5.347405715016134e-7
27600.987013859285 3.6290457096420535e-7
29972.435873375885 2.462871430474886e-7
32547.637217920605 1.671440970537596e-7
35344.09725471715 1.1343324232938063e-7
38380.82630658967 1.e-7
41678.468044052315 1.e-7
45259.43982088894 1.e-7
49148.08506722438 1.e-7
53370.8387760525 1.e-7
57956.407208201854 1.e-7
62935.9630373667 1.e-7
68343.35726180511 1.e-7
74215.3493232724 1.e-7
80591.85699754239 1.e-7
87516.22775526856 1.e-7
95035.53343789538 1.e-7
103200.89025182702 1.e-7
112067.80625616765 1.e-7
121696.5587062621 1.e-7
132152.60381820463 1.e-7
143507.02173990672 1.e-7
155836.99975362202 1.e-7
169226.35699474707 1.e-7
183766.11425392883 1.e-7
199555.11273599227 1.e-7
216700.68598200878 1.e-7
235319.38952222798 1.e-7
255537.79322005343 1.e-7
277493.3416934026 1.e-7
301335.2886626126 1.e-7
327225.7115765547 1.e-7
355340.6134144156 1.e-7
385871.1191531566 1.e-7
419024.77503425465 1.e-7
455026.95946212375 1.e-7
494122.415125499 1.e-7
536576.9127571451 1.e-7
582679.0578420978 1.e-7
632742.2525564769 1.e-7
687106.8262740591 1.e-7
746142.3491238579 1.e-7
810250.1443261933 1.e-7
879866.0163861556 1.e-7
955463.213690681 1.e-7
1.0375556456489668e6 1.e-7
1.126701376246348e6 1.e-7
1.2235064177607498e6 1.e-7
1.3286288504314774e6 1.e-7
1.4427832960856997e6 1.e-7
1.566745776134475e6 1.e-7
1.7013589869628018e6 1.e-7
1.8475380285758902e6 1.e-7
2.0062766254449023e6 1.e-7
2.1786538818414616e6 1.e-7
2.3658416175836674e6 1.e-7
2.569112334061977e6 1.e-7
2.789847864697967e6 1.e-7
3.029548768641749e6 1.e-7
3.289844531566382e6 1.e-7
3.5725046429041596e6 1.e-7
3.8794506248278776e6 1.e-7
4.212769094749967e6 1.e-7
4.574725950138331e6 1.e-7
4.967781772077202e6 1.e-7
5.394608552286341e6 1.e-7
5.858107857308809e6 1.e-7
6.361430553347343e6 1.e-7
6.907998225838699e6 1.e-7
7.501526439376208e6 1.e-7
8.146049996101179e6 1.e-7
8.84595036426987e6 1.e-7
9.60598546345508e6 1.e-7
1.0431322008862134e7 1.e-7
1.1327570634635739e7 1.e-7
1.2300824034925811e7 1.e-7
1.3357698381995054e7 1.e-7
1.450537830292839e7 1.e-7
1.5751665720695868e7 1.e-7
1.7105032891589947e7 1.e-7
1.8574679999586e7 1.e-7
2.0170597699151807e7 1.e-7
2.1903635031671945e7 1.e-7
2.378557317718261e7 1.e-7
2.5829205542780805e7 1.e-7
2.8048424732148584e7 1.e-7
3.0458316987410747e7 1.e-7
3.3075264745341267e7 1.e-7
3.591705800509549e7 1.e-7
3.900301526454444e7 1.e-7
4.235411484733721e7 1.e-7
4.599313751345123e7 1.e-7
4.9944821322696775e7 1.e-7
5.423602980393683e7 1.e-7
5.889593457323626e7 1.e-7
6.395621364237728e7 1.e-7
6.945126676584196e7 1.e-7
7.541844929018915e7 1.e-7
8.189832609553395e7 1.e-7
8.893494735542041e7 1.e-7
9.657614798970494e7 1.e-7
1.0487387284612714e8 1.e-7
1.138845298211535e8 1.e-7
1.2366937332060353e8 1.e-7
1.3429492066682735e8 1.e-7
1.4583340428316674e8 1.e-7
1.5836326272964522e8 1.e-7
1.7196967392794624e8 1.e-7
1.8674513420054743e8 1.e-7
2.0279008706030574e8 1.e-7
2.2021360602500686e8 1.e-7
2.3913413609865248e8 1.e-7
2.5968029896006998e8 1.e-7
2.819917673325083e8 1.e-7
3.062202144781838e8 1.e-7
3.3253034527243984e8 1.e-7
3.6110101586675584e8 1.e-7
3.921264495520634e8 1.e-7
4.258175570878039e8 1.e-7
4.624033704723375e8 1.e-7
5.0213259990143967e8 1.e-7
5.452753244990954e8 1.e-7
5.921248283141797e8 1.e-7
6.429995940641147e8 1.e-7
6.982454681789553e8 1.e-7
7.58238011863868e8 1.e-7
8.23385054162528e8 1.e-7
8.941294643771418e8 1.e-7
9.709521626919777e8 1.e-7
1.0543753894666152e9 1.e-7
1.1449662554235966e9 1.e-7
1.2433405968645732e9 1.e-7
1.3501671621227183e9 1.e-7
1.4661721577109144e9 1.e-7
1.5921441850703914e9 1.e-7
1.7289396014797893e9 1.e-7
1.8774883415680854e9 1.e-7
2.0388002390060854e9 1.e-7
2.2139718913511815e9 1.e-7
2.4041941147126274e9 1.e-7
2.6107600389141345e9 1.e-7
2.835073898184654e9 1.e-7
3.0786605771363716e9 1.e-7
3.34317597692345e9 1.e-7
3.6304182720506945e9 1.e-7