#Columns: M_EDO [M_sun], f_EDO
404.6056409089131 0.9999999999999998
443.1026387109143 0.8007533489267127
485.2625089247737 0.6412059258173444
531.4337627350393 0.5134477924498919
581.9980711069184 0.4111450393032788
637.3734198386874 0.3292257671167055
698.0175648077588 0.26362863557166727
764.4318159729125 0.21110151280699252
837.1651814128522 0.16904024334369464
916.8189056574391 0.13535954096084965
1004.0514398273552 0.10838960573358293
1099.5838846674694 0.08705194409866417
1204.2059514682874 0.07003323969715479
1318.7824901509694 0.056341701650226714
1444.260638479823 0.04532686705013482
1581.677651500638 0.036465438856199794
1732.1694759262946 0.029336424895735066
1896.9801403491374 0.023601137204380087
2077.4720389035156 0.018987101506733106
2275.1371933875907 0.015275112402637927
2491.6095869418145 0.012288819271887375
2728.678671239475 0.009882885525168224
2988.3041588453734 0.007897945880511296
3272.6322230225146 0.006311673748788401
3584.0132389011806 0.0050439982894091165
3925.0212126663887 0.004030930582944966
4298.475059373495 0.0032213336389581644
4707.461905283318 0.0025743411353668397
5155.362607343707 0.0020572945941064328
5645.879700772249 0.0016440948671460438
6183.068005766551 0.0013138847202143243
6771.368146350121 0.0010499960145300606
7415.643258434556 0.0008432793481313794
8121.219190542355 0.000678194380823841
8893.928529506471 0.0005454273476520329
9740.158815081386 0.00043865151345747107
10666.905342027956 0.00035277869928386225
11681.828986156426 0.0002837168158556445
12793.319532341533 0.00022817486362603612
14010.565028006089 0.00018350610707985166
15343.627735377922 0.00014758195009066435
16803.527310373105 0.00011869050212637182
18402.331895697516 0.00009546726471493821
20153.2578811804 0.00007682428132166145
22070.77915600028 0.00006182192627193062
24170.746755928692 0.00004974925247877837
26470.519894645768 0.000040034147614726855
28989.10946228709 0.00003221622226226248
31747.335177441822 0.000025924992504891184
34767.99769168623 0.000020862323052878703
38076.06706934022 0.000016788298900397315
41698.88920050081 0.0000135098559855822
45666.411853648744 0.000010871632071481173
50011.43223647389 8.730233216109518e-6
54769.868111360454 7.001422134833428e-6
59981.05470668918 5.614960184532205e-6
65688.06987834627 4.503053417822763e-6
71938.09020936202 3.6113328353823107e-6
78782.78099135091 2.896195900384443e-6
86278.7233114988 2.32267450156407e-6
94487.8817755795 1.862725114519997e-6
103478.1167333988 1.493857555127521e-6
113323.74524093048 1.1980352751010317e-6
124106.15539629664 9.610726502222317e-7
135914.47912795114 7.719922181005461e-7
148846.32899661586 6.201112732424446e-7
163008.60510168067 4.981112272718316e-7
178518.37876229887 4.00113343266452e-7
195503.86027805528 3.213954608826585e-7
214105.45876911905 2.581644526840692e-7
234476.94285697117 2.0737344717509452e-7
256786.7117803783 1.6657501118447055e-7
281219.18745418615 1.3380321699372763e-7
307976.33897828334 1.074789114559565e-7
337279.3521989631 1.e-7
369370.45812397194 1.e-7
404514.935305702 1.e-7
443003.3027450631 1.e-7
485153.72144349024 1.e-7
531314.6244553373 1.e-7
581867.5971817683 1.e-7
637230.5317158555 1.e-7
697861.0813140399 1.e-7
764260.4435500627 1.e-7
836977.5034244878 1.e-7
916613.3706785243 1.e-7
1.0038263488194802e6 1.e-7
1.0993373769338774e6 1.e-7
1.2039359892725726e6 1.e-7
1.3184868418723017e6 1.e-7
1.443936860165433e6 1.e-7
1.5813230666630596e6 1.e-7
1.7317811534184185e6 1.e-7
1.8965548701341157e6 1.e-7
2.0770063055192283e6 1.e-7
2.274627146886381e6 1.e-7
2.4910510110652093e6 1.e-7
2.728066948564806e6 1.e-7
2.987634232616225e6 1.e-7
3.2718985553474654e6 1.e-7
3.5832097649752623e6 1.e-7
3.92414129063685e6 1.e-7
4.297511415435481e6 1.e-7
4.706406573551533e6 1.e-7
5.154206864003054e6 1.e-7
5.644613991963134e6 1.e-7
6.181681868608661e6 1.e-7
6.769850122451839e6 1.e-7
7.413980799173128e6 1.e-7
8.119398553331688e6 1.e-7
8.89193466419512e6 1.e-7
9.737975239541732e6 1.e-7
1.0664514005908018e7 1.e-7
1.1679210121667987e7 1.e-7
1.2790451490851438e7 1.e-7
1.4007424101079496e7 1.e-7
1.5340187958794339e7 1.e-7
1.6799760249495413e7 1.e-7
1.8398206410419244e7 1.e-7
2.0148739868508417e7 1.e-7
2.2065831268145364e7 1.e-7
2.4165328091572866e7 1.e-7
2.6464585660834886e7 1.e-7
2.898261060415347e7 1.e-7
3.1740217972696118e7 1.e-7
3.476020330652644e7 1.e-7
3.8067531072106786e7 1.e-7
4.168954102905745e7 1.e-7
4.565617423208635e7 1.e-7
5.000022053631501e7 1.e-7
5.475758965198536e7 1.e-7
5.996760798919869e7 1.e-7
6.5673343746528864e7 1.e-7
7.192196293083067e7 1.e-7
7.87651192512517e7 1.e-7
8.625938111047395e7 1.e-7
9.446669922287624e7 1.e-7
1.0345491872514492e8 1.e-7
1.1329834001265158e8 1.e-7
1.240783329377114e8 1.e-7
1.3588400944693872e8 1.e-7
1.4881296021800202e8 1.e-7
1.6297206138513416e8 1.e-7
1.784783580221199e8 1.e-7
1.9546003168600503e8 1.e-7
2.1405746001965773e8 1.e-7
2.3442437717228878e8 1.e-7
2.5672914463045838e8 1.e-7
2.811561429648026e8 1.e-7
3.079072959972246e8 1.e-7
3.372037399879639e8 1.e-7
3.692876516407564e8 1.e-7
4.044242500371228e8 1.e-7
4.4290398904862094e8 1.e-7
4.8504495835048145e8 1.e-7
5.3119551288438284e8 1.e-7
5.817371525066204e8 1.e-7
6.370876756260725e8 1.e-7
6.977046329012214e8 1.e-7
7.640891095459522e8 1.e-7
8.367898675102865e8 1.e-7
9.164078817770071e8 1.e-7
1.0036013082731241e9 1.e-7
1.0990909244630609e9 1.e-7
1.2036660875977263e9 1.e-7
1.3181912598728805e9 1.e-7
1.4436131544365482e9 1.e-7
1.5809685613172867e9 1.e-7
1.7313929179657538e9 1.e-7
1.8961296952573304e9 1.e-7
2.076540676544332e9 1.e-7
2.274117214728803e9 1.e-7
2.490492560411677e9 1.e-7
2.727455363027808e9 1.e-7
2.9869644565729833e9 1.e-7
3.2711650521480494e9 1.e-7
3.582406471174338e9 1.e-7
3.9232615658706555e9 1.e-7
4.296547987529809e9 1.e-7
4.705351478406918e9 1.e-7
5.153051379760126e9 1.e-7
5.643348566904094e9 1.e-7
6.18029604219881e9 1.e-7
6.768332438868336e9 1.e-7
7.412318712606381e9 1.e-7
8.117578324276477e9 1.e-7
8.889941245873985e9 1.e-7
9.735792153522038e9 1.e-7
1.0662123205884377e10 1.e-7
1.1676591844283802e10 1.e-7
1.2787584092326756e10 1.e-7
1.4004283878294523e10 1.e-7
1.5336748953349281e10 1.e-7
1.6795994033127766e10 1.e-7
1.839408185000359e10 1.e-7
2.0144222868696877e10 1.e-7
2.2060884489521526e10 1.e-7
2.4159910641988186e10 1.e-7
2.6458652757376774e10 1.e-7
2.8976113202951702e10 1.e-7
3.173310236350504e10 1.e-7