#Columns: M_EDO [M_sun], f_EDO
649.7557540518587 1.
713.1494959800306 0.7986006293458368
782.7282797344496 0.6377629651915666
859.0955519839653 0.509317905375452
942.9136349705235 0.40674159976993823
1034.9094707336108 0.32482409755740504
1135.8809257728087 0.25940472873603715
1246.7037108278637 0.20716077962388532
1368.3389757905313 0.165438728983409
1501.8416456177547 0.13211947308432573
1648.3695695423423 0.10551069435398261
1809.1935629309085 0.0844130601734495
1985.7084288806725 0.06757222706016097
2179.4450551437926 0.05409122546307234
2392.0836912941213 0.04329975197490486
2625.4685212873087 0.03466123211366762
2881.6236577999475 0.02774614072463593
3162.7706970643453 0.022210645097285268
3471.347986449425 0.017779508888583873
3810.0317718927317 0.01423240680019105
4181.759408592084 0.011392969546880346
4589.754836259867 0.009130909718931393
5037.5565398831295 0.007330359422030085
5529.048238489059 0.005884864806486556
6068.492568075118 0.004724411423339608
6660.568050830871 0.003792791173788669
7310.409671280296 0.003044879795375765
8023.653411255496 0.0024444512084819937
8806.48512994718 0.0019624228581120967
9665.694212961465 0.0015754470617690868
10608.732455673508 0.0012647801334849061
11643.778691564648 0.0010153745085295417
12779.80972605534 0.0008202022357239735
14026.678191032432 0.000662851077699714
15395.197995292412 0.0005356868490121156
16897.23811199876 0.0004329183580727764
18545.825516559744 0.0003498654206315785
20355.258167690765 0.00028274571930519515
22341.229011530202 0.00022850255289904044
24520.96208427817 0.00018466563104716616
26913.361893756657 0.000149238574612841
29539.17737545554 0.0001206079985007275
32421.181845031442 0.0000976211857189041
35584.370507961255 0.00007991582105381917
39056.17723932281 0.00006542164395642346
42866.7125138023 0.00005355624758054688
47049.02454946018 0.00004384285507743243
51639.3859301194 0.00003589116168846232
56677.60819220649 0.000029381651470285363
62207.387104416026 0.00002405275846501332
68276.68163475502 0.000019690356424020634
74938.1298916952 0.000016119154760104806
82249.50564682977 0.000013195654999075663
90274.21939838922 0.000010802384706026529
99081.86832126723 9.076759654708826e-6
108748.8398731932 7.752653547071868e-6
119358.97429204009 6.6217063475670326e-6
131004.29173000895 5.655740281335099e-6
143785.79033102398 4.8306881113308705e-6
157814.3221729374 4.125993498316191e-6
173211.55467147758 3.524098835570907e-6
190111.02578404074 3.0100077976226935e-6
208659.3021649708 2.570911703809138e-6
229017.25031682794 2.1958703874465294e-6
251361.4317621619 1.8755396193966451e-6
275885.63433591 1.601938294735608e-6
302802.5528790966 1.3682495819341677e-6
332345.6339102451 1.1686510801416374e-6
364771.1002730704 9.967985136613266e-7
400360.1733199268 7.56377071118597e-7
439421.5119036791 5.739437467784312e-7
482293.88933103817 4.355121764583609e-7
529349.1314941497 3.3046941779247595e-7
580995.3416624778 2.5076230240955895e-7
637680.4399030722 1.9028003477535487e-7
699896.0478261565 1.443857042554017e-7
768181.7523478244 1.0956079347967677e-7
843129.7854488626 1.e-7
925390.1605165594 1.e-7
1.0156763098162456e6 1.e-7
1.1147712719855378e6 1.e-7
1.2235344832145232e6 1.e-7
1.3429092310108033e6 1.e-7
1.4739308351947994e6 1.e-7
1.6177356270779634e6 1.e-7
1.7755708046988794e6 1.e-7
1.948805249590453e6 1.e-7
2.1389413988902457e6 1.e-7
2.3476282757592252e6 1.e-7
2.5766757911197143e6 1.e-7
2.82807044074951e6 1.e-7
3.1039925338707613e6 1.e-7
3.406835102654646e6 1.e-7
3.739224656641255e6 1.e-7
4.104043962074675e6 1.e-7
4.504457043715311e6 1.e-7
4.943936625966192e6 1.e-7
5.426294251306637e6 1.e-7
5.955713337245493e6 1.e-7
6.536785458492744e6 1.e-7
7.174550169018787e6 1.e-7
7.8745387093729805e6 1.e-7
8.642821978328144e6 1.e-7
9.486063184902417e6 1.e-7
1.0411575637401666e7 1.e-7
1.1427386170678457e7 1.e-7
1.2542304761702942e7 1.e-7
1.3766000937211404e7 1.e-7
1.5109087636104878e7 1.e-7
1.6583213253924247e7 1.e-7
1.820116266768997e7 1.e-7
1.9976968117280684e7 1.e-7
2.1926030905008044e7 1.e-7
2.4065254968871064e7 1.e-7
2.6413193487951122e7 1.e-7
2.8990209791434906e7 1.e-7
3.1818653966805924e7 1.e-7
3.492305669890163e7 1.e-7
3.833034202097418e7 1.e-7
4.207006082291381e7 1.e-7
4.617464714181762e7 1.e-7
5.067969945767469e7 1.e-7
5.562428943380407e7 1.e-7
6.1051300779706016e7 1.e-7
6.700780117523615e7 1.e-7
7.354545048174484e7 1.e-7
8.072094878053907e7 1.e-7
8.859652812443857e7 1.e-7
9.724049226731619e7 1.e-7
1.06727809052618e8 1.e-7
1.171407605985626e8 1.e-7
1.285696569189829e8 1.e-7
1.4111361916893515e8 1.e-7
1.5488143930805716e8 1.e-7
1.6999252363740796e8 1.e-7
1.8657792839294496e8 1.e-7
2.047814963771863e8 1.e-7
2.2476110448691884e8 1.e-7
2.466900329565507e8 1.e-7
2.707584681923731e8 1.e-7
2.971751522315945e8 1.e-7
3.26169193131663e8 1.e-7
3.579920519911151e8 1.e-7
3.9291972383509636e8 1.e-7
4.312551312800638e8 1.e-7
4.733307517375713e8 1.e-7
5.195115009424871e8 1.e-7
5.701978978140682e8 1.e-7
6.258295380982808e8 1.e-7
6.868889069177585e8 1.e-7
7.539055632950623e8 1.e-7
8.27460732941047e8 1.e-7
9.081923491408979e8 1.e-7
9.968005854567003e8 1.e-7
1.0940539282308693e9 1.e-7
1.2007958415564005e9 1.e-7
1.3179520825182483e9 1.e-7
1.446538730149832e9 1.e-7
1.5876709977386572e9 1.e-7
1.74257290490892e9 1.e-7
1.9125878933656464e9 1.e-7
2.0991904783691473e9 1.e-7
2.3039990369912925e9 1.e-7
2.528789844064502e9 1.e-7
2.7755124775548944e9 1.e-7
3.046306726968339e9 1.e-7
3.3435211514335465e9 1.e-7
3.669733448413744e9 1.e-7
4.027772809701738e9 1.e-7
4.420744458588692e9 1.e-7
4.852056581013995e9 1.e-7
5.325449884266116e9 1.e-7
5.8450300395926695e9 1.e-7
6.415303290089785e9 1.e-7
7.041215532692926e9 1.e-7
7.728195213221549e9 1.e-7
8.482200406499774e9 1.e-7
9.309770489872597e9 1.e-7
1.0218082858274302e10 1.e-7
1.121501517273047e10 1.e-7
1.2309213682165876e10 1.e-7
1.3510168211063587e10 1.e-7
1.482829446333219e10 1.e-7
1.6275024356190384e10 1.e-7
1.7862905167521717e10 1.e-7
1.9605708356590317e10 1.e-7
2.1518549001903816e10 1.e-7
2.361801689208977e10 1.e-7
2.5922320406719067e10 1.e-7
2.8451444434933113e10 1.e-7
3.122732370147972e10 1.e-7
3.4274033003389397e10 1.e-7
3.761799600718766e10 1.e-7
4.128821441751091e10 1.e-7
4.5316519504671196e10 1.e-7
4.973784817263228e10 1.e-7
5.4590545961695206e10 1.e-7
5.99166996137911e10 1.e-7
6.5762502084670906e10 1.e-7
7.217865316868832e10 1.e-7
7.92207992107433e10 1.e-7