#Columns: M_EDO [M_sun], f_EDO
3075.8458294718203 1.
3377.4924295853466 0.788701955343392
3708.7213548232967 0.6220507743624916
4072.4337284187523 0.49061266206256826
4471.815185250779 0.3869471658849744
4910.363773753528 0.3051859863480632
5391.920594151028 0.24070078417611981
5920.703441367741 0.18984117913239348
6501.343747281811 0.1497281091864139
7138.927145885905 0.11809085248519384
7839.038016652281 0.09373911626006663
8607.808396242433 0.0755363578134556
9451.97168696272 0.060868307483213105
10378.921632380241 0.04904857691207078
11396.777076646695 0.03952406427208152
12514.453074735513 0.03184907197988816
13741.738976422745 0.025664450371228893
15089.384167923532 0.020680791367271235
16569.192222166163 0.016664885683897887
18194.124282334524 0.013428809851875063
19978.41258418078 0.010821132377287164
21937.68511141214 0.008765698523244839
24089.102475966763 0.007122181631620761
26451.50822206668 0.005786814485951428
29045.593870511406 0.004701820822168043
31894.08014877931 0.003820257085732076
35021.91599427084 0.003103981362343062
38456.497073696206 0.002522003122186944
42227.905732545645 0.002049142377426989
46369.17447627986 0.0016649402397749529
50916.57529098278 0.0013527737421069684
55909.937337541116 0.0010991366258175429
61392.99580192638 0.0008959729967361838
67413.77495704246 0.0007323558193881963
74025.00879125015 0.0005986174227856515
81284.6028877099 0.0004893015244446276
89256.14159999517 0.00039994823523464937
98009.44496615035 0.0003269121040423255
107621.18023902315 0.0002672133900195326
118175.53338905764 0.00021841649459539847
129764.94646101653 0.00017853059350002917
142490.92724289527 0.0001459284147679195
156464.93833864093 0.00011927984901184272
171809.373431777 0.00009765560937562795
188658.6292906866 0.00008085695702987561
207160.28290490105 0.00006694799757977663
227476.3840625297 0.000055431647993947175
249784.87469008565 0.000045896333130254206
274281.14738623303 0.000038001276726127064
301179.7568001189 0.00003146432262284093
330716.2988437021 0.000026051850974616204
363149.4741974429 0.000021570429064661403
398763.35418293095 0.00001785989834223071
437869.86884846026 0.000014787650622925718
480811.5390598608 0.000012243888893177414
527964.4765260626 0.00001013770334795832
579741.6780355896 8.558301621507518e-6
636596.6427571394 7.235922435347513e-6
699027.3442869202 6.1178696201574954e-6
767580.5922326212 5.172571848809299e-6
842856.8215356555 4.373336012741875e-6
925515.3514797186 3.697593467889265e-6
1.016280160447624e6 3.126262746320618e-6
1.115946227005482e6 2.6432107379861067e-6
1.2253864928537626e6 2.2347971275375695e-6
1.3455595086312953e6 1.8894892221327012e-6
1.4775178295393186e6 1.5975362938153929e-6
1.6224172343200177e6 1.3506942406248675e-6
1.7815268483354417e6 1.1419927914752105e-6
1.956240259411589e6 9.426548161603944e-7
2.1480877238074313e6 7.105626549882357e-7
2.3587495692170835e6 5.356141803003518e-7
2.590070912197319e6 4.037399772206822e-7
2.844077818925607e6 3.043346782095093e-7
3.12299505083529e6 2.2940407585711837e-7
3.4292655505558755e6 1.7292222604888374e-7
3.765571838829514e6 1.3034683952313599e-7
4.1348595098117795e6 1.e-7
4.540363030544477e6 1.e-7
4.985634070569285e6 1.e-7
5.47457260981187e6 1.e-7
6.011461097200069e6 1.e-7
6.601001959199797e6 1.e-7
7.248358786793873e6 1.e-7
7.959201561646093e6 1.e-7
8.739756317571908e6 1.e-7
9.596859672283605e6 1.e-7
1.0538018707035355e7 1.e-7
1.157147671863403e7 1.e-7
1.2706285419715151e7 1.e-7
1.3952384219662907e7 1.e-7
1.5320687280568155e7 1.e-7
1.6823179110719316e7 1.e-7
1.847301953289704e7 1.e-7
2.028465894685489e7 1.e-7
2.2273964895531792e7 1.e-7
2.4458361043546405e7 1.e-7
2.68569797852412e7 1.e-7
2.9490829818916935e7 1.e-7
3.238298015498572e7 1.e-7
3.55587621697081e7 1.e-7
3.9045991474233925e7 1.e-7
4.287521154222647e7 1.e-7
4.7079961229918525e7 1.e-7
5.169706853172388e7 1.e-7
5.6766973144305825e7 1.e-7
6.233408066433902e7 1.e-7
6.844715152225955e7 1.e-7
7.515972805854517e7 1.e-7
8.2530603483147e7 1.e-7
9.062433682552432e7 1.e-7
9.951181838556637e7 1.e-7
1.0927089063798633e8 1.e-7
1.1998703002849175e8 1.e-7
1.3175409563334689e8 1.e-7
1.446751512395881e8 1.e-7
1.58863368046224e8 1.e-7
1.7444301589286363e8 1.e-7
1.9155055169763017e8 1.e-7
2.1033581463760778e8 1.e-7
2.309633385400125e8 1.e-7
2.5361379297889096e8 1.e-7
2.78485565699409e8 1.e-7
3.057965002296828e8 1.e-7
3.357858038992808e8 1.e-7
3.6871614297612464e8 1.e-7
4.0487594327236456e8 1.e-7
4.445819163694735e8 1.e-7
4.881818335889394e8 1.e-7
5.3605757200479317e8 1.e-7
5.88628459177031e8 1.e-7
6.4635494590127e8 1.e-7
7.09742639143085e8 1.e-7
7.79346730480095e8 1.e-7
8.557768588390566e8 1.e-7
9.397024501190878e8 1.e-7
1.0318585804689116e9 1.e-7
1.1330524145727074e9 1.e-7
1.2441702753352416e9 1.e-7
1.366185406887405e9 1.e-7
1.5001664989056208e9 1.e-7
1.6472870469068153e9 1.e-7
1.8088356305027068e9 1.e-7
1.9862271996370513e9 1.e-7
2.181015467658412e9 1.e-7
2.3949065197750034e9 1.e-7
2.62977375608375e9 1.e-7
2.887674300054342e9 1.e-7
3.1708670161847715e9 1.e-7
3.4818322946390967e9 1.e-7
3.8232937761541476e9 1.e-7
4.198242207496745e9 1.e-7
4.609961636412964e9 1.e-7
5.062058175502673e9 1.e-7
5.558491586952135e9 1.e-7
6.10360996476486e9 1.e-7
6.702187818261034e9 1.e-7
7.359467890405563e9 1.e-7
8.081207077238202e9 1.e-7
8.873726850597847e9 1.e-7
9.74396862577763e9 1.e-7
1.0699554559056828e10 1.e-7
1.1748854307615038e10 1.e-7
1.2901058336556854e10 1.e-7
1.416625841511762e10 1.e-7
1.5555536007090996e10 1.e-7
1.7081059329658882e10 1.e-7
1.87561899307312e10 1.e-7
2.0595599718269314e10 1.e-7
2.2615399466614216e10 1.e-7
2.483327992536433e10 1.e-7
2.72686667667262e10 1.e-7
2.9942890728472668e10 1.e-7
3.2879374442731457e10 1.e-7
3.610383758697571e10 1.e-7
3.964452215406682e10 1.e-7
4.353243981441096e10 1.e-7
4.780164353679615e10 1.e-7
5.2489525846940735e10 1.e-7
5.7637146336105255e10 1.e-7
6.328959128830165e10 1.e-7
6.949636857595547e10 1.e-7
7.631184128278284e10 1.e-7
8.379570385183324e10 1.e-7
9.201350492912796e10 1.e-7
1.0103722148229674e11 1.e-7
1.109458892227358e11 1.e-7
1.2182629485293532e11 1.e-7
1.3377373620214153e11 1.e-7
1.468928569081328e11 1.e-7
1.612985629557954e11 1.e-7
1.7711702910016953e11 1.e-7
1.9448680398886993e11 1.e-7
2.135600236632972e11 1.e-7
2.3450374406727512e11 1.e-7
2.5750140423411493e11 1.e-7
2.8275443296768427e11 1.e-7
3.10484013089837e11 1.e-7
3.409330187066865e11 1.e-7
3.743681424615645e11 1.e-7
4.110822314065674e11 1.e-7