#Columns: M_EDO [M_sun], f_EDO
266131.034144049 1.
290412.87481661217 0.7484791707440169
316910.1947486458 0.560221069037655
345825.13464337605 0.4193138011866307
377378.27855605766 0.313847646193693
411810.33666854544 0.23490842596301695
449383.981600491 0.17582406386558241
490385.85226589756 0.1316006495189542
535128.7405618719 0.09876998777147106
583953.9775712452 0.07790552262684736
637234.0374827067 0.061448528978306896
695375.3790930731 0.0484679594755272
758821.5465686838 0.03822944397172916
828056.5531208153 0.03015374284790174
903608.5734081892 0.02378397678003855
986053.9728349377 0.01875977898752867
1.0760217044823696e6 0.014796907637258189
1.174198107217567e6 0.011671164983932036
1.2813321415821915e6 0.009214842243341851
1.3982411034047059e6 0.007288956629543821
1.525816858723512e6 0.005765577678311187
1.6650326475855517e6 0.004560582214181849
1.816950508624651e6 0.003607428655510559
1.982729381059634e6 0.002853482492680645
2.163633945920118e6 0.002257109734823726
2.361044273947264e6 0.0017853778209972818
2.576466353770633e6 0.0014122370368306097
2.811543580677639e6 0.0011170820118522968
3.0680692936203466e6 0.0008857392278917741
3.3480004561008075e6 0.00070381790763262
3.653472585302792e6 0.000559261271834381
3.986816043359923e6 0.00044439501578734034
4.350573815041994e6 0.00035312105450976624
4.747520907480272e6 0.0002805937841520725
5.180685519927168e6 0.0002229628358300057
5.653372145048211e6 0.00017716866505644262
6.1691867779799905e6 0.00014078012490751423
6.732064425466634e6 0.00011186539991516813
7.346299124934759e6 0.00008905804229589603
8.016576702513717e6 0.00007102871505038221
8.748010519903285e6 0.00005664932926490919
9.546180482791632e6 0.00004518097369335448
1.0417175608407883e7 0.00003603432574344803
1.136764047694538e7 0.00002873936804898717
1.2404825921220757e7 0.000022921235761025133
1.3536644341266124e7 0.000018280953426566797
1.4771730065833913e7 0.000014580071583773827
1.6119505221295657e7 0.000011628413596800664
1.7590251610430352e7 9.28519342933608e-6
1.919518914944573e7 7.431595726327277e-6
2.0946561461606286e7 5.948030642536124e-6
2.2857729280438997e7 4.760628783830928e-6
2.4943272375062708e7 3.810267259782698e-6
2.721910077520252e7 3.0496258478043004e-6
2.9702576144392956e7 2.440830833511243e-6
3.2412644227292396e7 1.953569209845431e-6
3.536997938151409e7 1.5635793375184478e-6
3.85971422965648e7 1.2514429140230164e-6
4.211875210308647e7 1.0016181011601174e-6
4.596167418537446e7 7.981261955389813e-7
5.015522512994194e7 6.359557684355244e-7
5.4731396373625584e7 5.067365808401933e-7
5.972509825738237e7 4.037733048531085e-7
6.5174426347596504e7 3.217310292493317e-7
7.112095205658771e7 2.563588378372138e-7
7.761003977938339e7 2.0426955364108153e-7
8.469119296610361e7 1.627642366331149e-7
9.241843177004963e7 1.2969234158757584e-7
1.008507051524684e8 1.0334029031440426e-7
1.1005234058782442e8 1.e-7
1.2009353480025832e8 1.e-7
1.3105088927492033e8 1.e-7
1.4300799462945348e8 1.e-7
1.560560683036259e8 1.e-7
1.702946504318723e8 1.e-7
1.8583236320737025e8 1.e-7
2.0278773953061685e8 1.e-7
2.2129012726404652e8 1.e-7
2.4148067599098772e8 1.e-7
2.6351341380668372e8 1.e-7
2.8755642235590047e8 1.e-7
3.137931190811637e8 1.e-7
3.424236564635536e8 1.e-7
3.736664489304548e8 1.e-7
4.077598390786343e8 1.e-7
4.4496391592379636e8 1.e-7
4.855624990475254e8 1.e-7
5.2986530377815133e8 1.e-7
5.782103039230672e8 1.e-7
6.309663100771427e8 1.e-7
6.885357831764547e8 1.e-7
7.513579047611147e8 1.e-7
8.199119273694088e8 1.e-7
8.947208306224678e8 1.e-7
9.763553108907038e8 1.e-7
1.0654381349781271e9 1.e-7
1.162648891037525e9 1.e-7
1.2687291729599407e9 1.e-7
1.3844882377887738e9 1.e-7
1.5108091793172524e9 1.e-7
1.6486556649660163e9 1.e-7
1.799079287334515e9 1.e-7
1.9632275865092697e9 1.e-7
2.1423528043288388e9 1.e-7
2.337821437389399e9 1.e-7
2.55112466166825e9 1.e-7
2.7838897082916512e9 1.e-7
3.037892277229687e9 1.e-7
3.315070083618761e9 1.e-7
3.617537640052782e9 1.e-7
3.9476023876132584e9 1.e-7
4.307782298697094e9 1.e-7
4.700825085929607e9 1.e-7
5.129729163701856e9 1.e-7
5.597766522242258e9 1.e-7
6.108507688722374e9 1.e-7
6.665848965818239e9 1.e-7
7.274042155522507e9 1.e-7
7.937726994962565e9 1.e-7
8.661966551667757e9 1.e-7
9.452285848307238e9 1.e-7
1.0314714011555132e10 1.e-7
1.125583026662542e10 1.e-7
1.2282814128355991e10 1.e-7
1.3403500171735743e10 1.e-7
1.4626437799703587e10 1.e-7
1.5960956464172197e10 1.e-7
1.7417236837828136e10 1.e-7
1.9006388479660015e10 1.e-7
2.0740534586701897e10 1.e-7
2.26329044785405e10 1.e-7
2.469793452012449e10 1.e-7
2.695137825278755e10 1.e-7
2.941042657364578e10 1.e-7
3.2093838880182056e10 1.e-7
3.502208618048625e10 1.e-7
3.821750726089669e10 1.e-7
4.170447910240429e10 1.e-7
4.5509602845878235e10 1.e-7
4.966190672479051e10 1.e-7
5.419306751355564e10 1.e-7
5.913765218085674e10 1.e-7
6.45333815914588e10 1.e-7
7.042141826822353e10 1.e-7
7.684668040957657e10 1.e-7
8.385818455798294e10 1.e-7
9.150941953355191e10 1.e-7
9.985875448540796e10 1.e-7
1.0896988417373575e11 1.e-7
1.189123148794391e11 1.e-7
1.2976189464827306e11 1.e-7
1.4160139191454736e11 1.e-7
1.5452112691854938e11 1.e-7
1.6861966073460242e11 1.e-7
1.8400454716616077e11 1.e-7
2.0079315324393735e11 1.e-7
2.1911355458642764e11 1.e-7
2.39105512453268e11 1.e-7
2.6092153994512042e11 1.e-7
2.847280654838059e11 1.e-7
3.107067024485672e11 1.e-7
3.39055634654158e11 1.e-7
3.6999112824018994e11 1.e-7
4.0374918150551166e11 1.e-7
4.4058732527377423e11 1.e-7
4.807865875246308e11 1.e-7
5.2465363727824634e11 1.e-7
5.725231240881735e11 1.e-7
6.247602309899642e11 1.e-7
6.817634603812439e11 1.e-7
7.439676740859584e11 1.e-7
8.11847410794587e11 1.e-7
8.85920506188176e11 1.e-7
9.667520433631061e11 1.e-7
1.0549586636932672e12 1.e-7
1.1512132710160422e12 1.e-7
1.2562501650290142e12 1.e-7
1.370870643058666e12 1.e-7
1.4959491129353755e12 1.e-7
1.632439763608226e12 1.e-7
1.7813838443877546e12 1.e-7
1.9439176083481338e12 1.e-7
2.121280980486647e12 1.e-7
2.314827016767534e12 1.e-7
2.526032226210596e12 1.e-7
2.756507834768926e12 1.e-7
3.0080120769246924e12 1.e-7
3.282463608772341e12 1.e-7
3.581956144913591e12 1.e-7
3.9087744308254116e12 1.e-7
4.2654116725494106e12 1.e-7
4.654588556669107e12 1.e-7
5.079274005673138e12 1.e-7
5.542707827041346e12 1.e-7
6.048425428837242e12 1.e-7
6.6002847903554e12 1.e-7
7.202495893575327e12 1.e-7
7.859652839946037e12 1.e-7
8.57676889751159e12 1.e-7
9.359314745742283e12 1.e-7
1.021326020983078e13 1.e-7