#Columns: M [M_sun], f_PBH
1.e-10 2.191786016972057
1.244514611771387e-10 1.42601180586275
1.5488166189124796e-10 1.0676640771943415
1.9275249131909366e-10 0.6936293432319027
2.398832919019495e-10 0.49133247669453634
2.985382618917957e-10 0.33519114987503557
3.715352290971728e-10 0.2318615544261348
4.623810213992594e-10 0.15882361090985875
5.754399373371567e-10 0.1070368693652382
7.161434102129027e-10 0.07195908810366393
8.912509381337441e-10 0.048869888210926596
1.109174815262401e-9 0.03422710733016183
1.3803842646028867e-9 0.025217590472605973
1.717908387157586e-9 0.019587778556127748
2.1379620895022324e-9 0.01579324880965541
2.660725059798814e-9 0.013030389992372361
3.3113112148259078e-9 0.011126246709958
4.120975190973304e-9 0.010010044321105853
5.128613839913658e-9 0.009563740561966082
6.3826348619054826e-9 0.00964390199577097
7.943282347242822e-9 0.01010480761550671
9.885530946569411e-9 0.010814345550737826
1.2302687708123811e-8 0.011677639973427056
1.5310874616820318e-8 0.01267149364122621
1.9054607179632482e-8 0.013775068105747728
2.371373705661655e-8 0.015010086450504058
2.95120922666639e-8 0.016407788430820535
3.6728230049808426e-8 0.017946631638772786
4.570881896148752e-8 0.019661234250741386
5.688529308438413e-8 0.02165337488062352
7.079457843841373e-8 0.023767976473890434
8.810488730080147e-8 0.026055834723661218
1.0964781961431852e-7 0.028509285426630584
1.3645831365889239e-7 0.031212125232632185
1.6982436524617461e-7 0.03416715549826335
2.1134890398366478e-7 0.03747674061181021
2.6302679918953816e-7 0.04116856931669143
3.273406948788386e-7 0.04523583703715817
4.073802778041122e-7 0.0497698960924754
5.069907082747045e-7 0.054976126449329206
6.30957344480193e-7 0.06106277096713943
7.85235634610071e-7 0.06822672468423154
9.77237220955811e-7 0.07669471932415732
1.2161860006463678e-6 0.08683686325264564
1.5135612484362072e-6 0.09908929482448907
1.883649089489802e-6 0.11411804844286494
2.3442288153199226e-6 0.13294869332368628
2.917427014001166e-6 0.15607624246558316
3.6307805477010175e-6 0.18524671478554536
4.518559443749226e-6 0.22275407321952026
5.623413251903491e-6 0.26843528425411084
6.998419960022731e-6 0.32805921479495354
8.709635899560814e-6 0.40302573252703094
0.000010839269140212039 0.4955343594046499
0.000013489628825916533 0.6097865714597773
0.000016788040181225588 0.7536139670658226
0.00002089296130854041 0.9265467451113081
0.00002600159563165272 1.135305862047592
0.00003235936569296281 1.39779598865902
0.00004027170343254595 1.693220050748709
0.00005011872336272725 2.0693727133256514