#Columns: M [M_sun], f_PBH
3.1622776601683795e-9 3.4663725696831156
5.3088444423098795e-9 0.8463049759957262
8.912509381337441e-9 0.23601909200254717
1.4962356560944326e-8 0.09746164835968409
2.511886431509582e-8 0.05299626458334209
4.2169650342858225e-8 0.045151194948914404
7.079457843841373e-8 0.049517142072872375
1.188502227437019e-7 0.05535963333371491
1.9952623149688787e-7 0.06060979931240043
3.3496543915782793e-7 0.06696747582423378
5.62341325190349e-7 0.0771282489654307
9.440608762859226e-7 0.09428776535809893
1.584893192461114e-6 0.12329817218899655
2.660725059798814e-6 0.17152818694161412
4.466835921509635e-6 0.25453499883319936
7.498942093324558e-6 0.402731052633208
0.000012589254117941661 0.6650852606941453
0.000021134890398366476 1.1048308279745787
0.000035481338923357534 1.7884891049446034
0.000059566214352901096 2.882655395063146
0.0001 4.717896200531377