#Columns: M [M_sun], f_PBH
1.e-6 2.6411808453165357
1.2589254117941661e-6 2.145622960519591
1.584893192461114e-6 1.734687005012679
1.9952623149688787e-6 1.3981509755695116
2.5118864315095823e-6 1.1248766983142318
3.162277660168379e-6 0.9045899781140647
3.981071705534969e-6 0.7255238294444479
5.011872336272725e-6 0.5812279516010519
6.30957344480193e-6 0.46585405120693535
7.943282347242822e-6 0.37382904167813613
0.00001 0.30060360903079925
0.000012589254117941661 0.24238863057786877
0.00001584893192461114 0.19612492875095167
0.000019952623149688786 0.15936834525477012
0.000025118864315095822 0.13017200967185552
0.000031622776601683795 0.10698059923626876
0.000039810717055349695 0.0885606153703847
0.00005011872336272725 0.07392880493896421
0.00006309573444801929 0.06230318342292252
0.00007943282347242822 0.05306187173230399
0.0001 0.04571076424426662
0.00012589254117941674 0.03985824235246422
0.00015848931924611142 0.035195994835243175
0.0001995262314968881 0.031483944362410685
0.0002511886431509582 0.028537629750607973
0.00031622776601683794 0.026216615841257316
0.00039810717055349735 0.02441342793958559
0.0005011872336272725 0.023043675589050384
0.0006309573444801936 0.02203856472842361
0.0007943282347242822 0.021340585545207857
0.001 0.02090205849381683
0.0012589254117941675 0.020685258266239924
0.001584893192461114 0.02066259363952221
0.0019952623149688807 0.020815932052221747
0.002511886431509582 0.021135043860703417
0.0031622776601683794 0.02161566178689556
0.003981071705534973 0.022257743993414653
0.005011872336272725 0.023064377860748143
0.006309573444801936 0.024041439000395102
0.00794328234724282 0.025197778653009553
0.01 0.026545589876995842
0.012589254117941687 0.028100717281380194
0.01584893192461114 0.029882820456209706
0.01995262314968879 0.0319153658659691
0.025118864315095822 0.03422545758561569
0.03162277660168379 0.036843625805598634
0.039810717055349776 0.03980386311366605
0.05011872336272725 0.04314429988663812
0.06309573444801943 0.0469089068950644
0.07943282347242822 0.05115033598244227
0.1 0.05593347566303357
0.12589254117941687 0.06133912175133297
0.15848931924611143 0.0674677260426769
0.19952623149688828 0.07444319674048036
0.25118864315095824 0.08241711215500178
0.31622776601683794 0.0915746296164906
0.39810717055349776 0.10214300100296284
0.5011872336272725 0.11440239025858455
0.6309573444801942 0.1287021204587242
0.7943282347242822 0.14548108375146518
1. 0.16528867706437406
1.2589254117941688 0.18881291845980758
1.584893192461114 0.21691890194492303
1.9952623149688828 0.25069939986940354
2.5118864315095824 0.2915619685424999
3.1622776601683795 0.3413609613569554
3.9810717055349776 0.4025708759368166
5.011872336272725 0.47855226826073455
6.309573444801943 0.5739482940929346
7.943282347242821 0.6952455461042746
10. 0.8516796487647911
12.589254117941687 1.0566567707919994
15.848931924611142 1.3298707403134018
19.95262314968883 1.7008163016485025
25.11886431509582 2.2146621953235006
31.622776601683793 2.9417652099032905
39.81071705534978 3.9941682954115234
50.11872336272725 5.554114548883824
63.09573444801943 7.920676029267984
79.43282347242821 11.588074685427541
100. 17.37521380526863