#Columns: M [M_sun], f_EDO
6.30957344480193e-8 1.313080210235692
7.943282347242805e-8 0.948643796918644
1.e-7 0.6974082631126426
1.2589254117941662e-7 0.5143236933618149
1.584893192461114e-7 0.3824316253864309
1.9952623149688787e-7 0.28412594368506977
2.5118864315095823e-7 0.21166881544862087
3.162277660168379e-7 0.16012809903674916
3.981071705534969e-7 0.12420725669842854
5.011872336272725e-7 0.09773085329459211
6.30957344480193e-7 0.07795153282109811
7.943282347242822e-7 0.06424538573699745
1.e-6 0.05455157781260507
1.2589254117941661e-6 0.04636894086034664
1.584893192461114e-6 0.039015383157491444
1.9952623149688787e-6 0.03292472633100953
2.5118864315095823e-6 0.027875401919686932
3.162277660168379e-6 0.02380773690372361
3.981071705534969e-6 0.020637394336134637
5.011872336272725e-6 0.018380062988372046
6.30957344480193e-6 0.016680500493118484
7.943282347242822e-6 0.015386497450412482
0.00001 0.014394162307230864
0.000012589254117941661 0.013629889893615457
0.00001584893192461114 0.012976864772931602
0.000019952623149688786 0.012441723873585145
0.000025118864315095822 0.01203351799887663
0.000031622776601683795 0.011770694689705362
0.000039810717055349695 0.011679046843626766
0.00005011872336272725 0.011788544832199373
0.00006309573444801929 0.012125305718470503
0.00007943282347242822 0.012721950661691961
0.0001 0.013613778608010092
0.00012589254117941674 0.014840407506632567
0.00015848931924611142 0.016438424275069783
0.00019952623149688788 0.018435684575056583
0.00025118864315095795 0.020869524274010592
0.00031622776601683794 0.02382589392458639
0.00039810717055349735 0.027481307163415247
0.0005011872336272725 0.032129723399109605
0.000630957344480193 0.03816949947563303
0.0007943282347242822 0.04605401961339336
0.001 0.056200013857062296
0.0012589254117941662 0.06886592563977985
0.001584893192461114 0.08412028431684418
0.001995262314968879 0.10203770283800165
0.002511886431509582 0.12297603304933291
0.0031622776601683794 0.14764994819101726
0.003981071705534978 0.17695936817120128
0.005011872336272725 0.2117581365631843
0.00630957344480193 0.25272010234124864
0.00794328234724282 0.3001807201904616
0.01 0.3541155091564835
0.012589254117941687 0.41430400063076267
0.01584893192461114 0.48051466195057585
0.01995262314968879 0.5528515698568578
0.025118864315095822 0.6318695603123516
0.03162277660168379 0.7183431260689694
0.039810717055349776 0.8126550055421083
0.05011872336272725 0.9144801026528419
0.0630957344480193 1.0227349614400478
0.07943282347242822 1.1362934533792872
0.1 1.253552390887116