#Columns: M [M_sun], f_EDO
3.981071705534969e-7 1.1229492834662922
5.011872336272714e-7 0.7905283008819788
6.30957344480193e-7 0.5658582314234859
7.943282347242805e-7 0.4115562189346577
1.e-6 0.30447994073134377
1.2589254117941661e-6 0.22967971953014252
1.584893192461111e-6 0.1741486147411906
1.9952623149688787e-6 0.1273786650800198
2.511886431509577e-6 0.09380044853868062
3.162277660168379e-6 0.060604662168084085
3.981071705534969e-6 0.040694222473586186
5.011872336272715e-6 0.029809696217994085
6.30957344480193e-6 0.02344140733190711
7.943282347242805e-6 0.01951485229284339
0.00001 0.01685104156899915
0.000012589254117941661 0.01489744993186391
0.000015848931924611107 0.013454016416208811
0.000019952623149688786 0.012318041729127474
0.00002511886431509577 0.011443670411993193
0.000031622776601683795 0.010879157127157053
0.000039810717055349695 0.010648680768646909
0.00005011872336272715 0.010696536404271293
0.00006309573444801929 0.011027011717388926
0.00007943282347242822 0.011696874525704268
0.0001 0.012724092718265367
0.0001258925411794166 0.014071912492002394
0.00015848931924611126 0.015738409289429524
0.00019952623149688788 0.01777631918485359
0.00025118864315095795 0.02022188685725032
0.00031622776601683794 0.02317984169163464
0.0003981071705534969 0.02685441540529093
0.000501187233627272 0.0315589154525726
0.000630957344480193 0.037651433059196805
0.0007943282347242813 0.04557859091852289
0.001 0.05571202874720636
0.0012589254117941662 0.06834406052761087
0.0015848931924611126 0.08361630435778988
0.001995262314968879 0.10157404160387755
0.0025118864315095794 0.12256953059235422
0.0031622776601683794 0.1473089890795542
0.003981071705534969 0.1766843861921929
0.005011872336272725 0.21155692515835334
0.00630957344480193 0.2525587238746775
0.007943282347242805 0.30006302166179377
0.01 0.3540411215362465
0.012589254117941661 0.4142524563051465
0.01584893192461114 0.48048011052686984
0.01995262314968879 0.552832956037961
0.025118864315095822 0.6318579581007759
0.03162277660168379 0.7183373121002465
0.03981071705534969 0.8126519076516786
0.05011872336272725 0.9144765186784607
0.0630957344480193 1.0227327139355857
0.07943282347242822 1.1362921685294602
0.1 1.2535516035841374