#Columns: M [M_sun], f_EDO
2.5118864315095823e-6 8.166746042511722
3.162277660168379e-6 3.299910301514375
3.981071705534978e-6 1.457551314826327
5.011872336272725e-6 0.7203301556001495
6.309573444801943e-6 0.40364552162691864
7.943282347242822e-6 0.2469786482274375
0.00001 0.16290391709971122
0.000012589254117941688 0.11441270431533841
0.00001584893192461114 0.08454241139386186
0.00001995262314968883 0.06512758334673298
0.000025118864315095822 0.05257032536605434
0.000031622776601683795 0.043950898236383505
0.000039810717055349776 0.03775732189457689
0.00005011872336272725 0.03331489303042053
0.00006309573444801943 0.030132176419491574
0.00007943282347242822 0.027980222052273792
0.0001000000000000001 0.026765011222523657
0.00012589254117941688 0.026430229291180583
0.00015848931924611142 0.026831051642189456
0.00019952623149688828 0.027725170923909574
0.0002511886431509582 0.02938146450199719
0.00031622776601683826 0.031176710539216335
0.00039810717055349773 0.03361555165397293
0.000501187233627273 0.03719506611930173
0.0006309573444801943 0.042384863255199245
0.0007943282347242822 0.04966951881228152
0.001000000000000001 0.05947955486109502
0.0012589254117941688 0.07199844156891833
0.0015848931924611158 0.08705631796229886
0.001995262314968883 0.10454281494450839
0.002511886431509582 0.12474098801953386
0.0031622776601683824 0.14842245242340665
0.003981071705534978 0.1764209324698854
0.00501187233627273 0.20942475448819134
0.006309573444801942 0.24795632199656237
0.00794328234724282 0.29234633407019045
0.01000000000000001 0.3433074724540093
0.012589254117941687 0.40100866428032395
0.01584893192461116 0.46491986558333287
0.01995262314968883 0.5353032335759382
0.025118864315095822 0.6123789123641642
0.03162277660168386 0.6964261689463687
0.039810717055349776 0.7879435850698361
0.05011872336272725 0.8882387048274418
0.06309573444801943 0.9963345821072668
0.07943282347242822 1.111942631737593
0.1000000000000002 1.2326999912996024