#Columns: M [M_sun], f_EDO
0.00015848931924611142 4.748697688760244
0.0001995262314968881 0.6681867982645237
0.0002511886431509582 0.2996558893481305
0.00031622776601683794 0.18547763390725938
0.00039810717055349735 0.13194617940269665
0.0005011872336272725 0.10724658049724335
0.0006309573444801936 0.09769136523183643
0.0007943282347242822 0.09608932943583845
0.001 0.09924957347775488
0.0012589254117941675 0.10599796654822304
0.001584893192461114 0.11678304133883272
0.0019952623149688807 0.13311298913657624
0.002511886431509582 0.15662934107470017
0.0031622776601683794 0.18803580059695757
0.003981071705534978 0.22651084042212077
0.005011872336272725 0.2708160538730526
0.006309573444801936 0.321404349021196
0.00794328234724282 0.38021401479743777
0.010000000000000005 0.4494126967245407
0.012589254117941682 0.5303811621274243
0.01584893192461114 0.6234210355092451
0.01995262314968881 0.7257720423604804
0.025118864315095822 0.8336586190805695
0.031622776601683826 0.9326874690720097
0.039810717055349776 1.0195656321330493
0.05011872336272725 1.1030071428784247
0.06309573444801936 1.1880360987128356
0.07943282347242822 1.2774889614543992
0.1000000000000001 1.3693988167554298