#Columns: M [M_sun], f_PBH
1.e-11 1.693602089689139
1.2932028905404119e-11 1.1798071555368554
1.6723737161020765e-11 0.5954093945547779
2.1627185237270245e-11 0.3459792558550637
2.7968338463090806e-11 0.2532106072692195
3.616873614408161e-11 0.16860583492814196
4.6773514128719814e-11 0.11494228096209631
6.048764367199325e-11 0.07667046461898484
7.822279563860014e-11 0.0507513345121749
1.0115794542598963e-10 0.03339390813987206
1.3081774742601954e-10 0.0220918876746401
1.69173889105314e-10 0.015070483683005113
2.1877616239495518e-10 0.010870206275701042
2.829219655904946e-10 0.008414604686319525
3.658755036990026e-10 0.006894703524914578
4.731512589614812e-10 0.005862870197743889
6.118805757518225e-10 0.005252170019100328
7.912857292277884e-10 0.0049701047775246
1.0232929922807536e-9 0.004895190997604512
1.323325455487218e-9 0.004987627386937492
1.7113283041617845e-9 0.005193381337169589
2.213094709605632e-9 0.005488974015330182
2.8619804755017084e-9 0.005879346479923575
3.701121423589032e-9 0.006365991483739065
4.78630092322638e-9 0.006967662794701072
6.189658188912597e-9 0.007709611330827233
8.004483861358902e-9 0.008616938078030965
1.0351421666793451e-8 0.009691567863312536
1.338648842069994e-8 0.010942533989812228
1.7311445519834918e-8 0.012361155616622951
2.2387211385683378e-8 0.013978524001685939
2.8951206475104964e-8 0.01582180696434412
3.7439783898238104e-8 0.017899530875615105
4.841723675840999e-8 0.02019941323826568
6.261331052795528e-8 0.022709808792990137
8.097171416105618e-8 0.025443283172551213
1.0471285480508985e-7 0.02838250224764691
1.3541496651068094e-7 0.03165594495877427
1.7511902611404566e-7 0.034959209348318344
2.2646443075930573e-7 0.03871820180612758
2.928644564625237e-7 0.04289183129793455
3.7873316163388233e-7 0.047606454007222646
4.897788193684457e-7 0.053061489756928454
6.333833849327455e-7 0.059443255632836575
8.190932242152968e-7 0.06729683581566802
1.0592537251772875e-6 0.07670195631838501
1.3698299792149702e-6 0.08815765755297791
1.7714680886697119e-6 0.10247744501956545
2.29086765276777e-6 0.1202861222973097
2.962556670404815e-6 0.14361204229509436
3.831186849557285e-6 0.1724494696805352
4.954501908047905e-6 0.20794167530677996
6.407176188675537e-6 0.2581061627658283
8.285778767396904e-6 0.32179226513767784
0.00001071519305237607 0.40354136484694875
0.000013856918628031273 0.5094932848668705
0.00001791980722375332 0.6504303479630158
0.000023173946499684798 0.8319724973728612
0.00002996861459862124 1.0630147393898608
0.000038755499024428575 1.373482938528893
0.00005011872336272725 1.7474189022842295