#Columns: M_EDO [M_sun], f_EDO
1145.9069650422173 1.
1258.3357498545693 0.7971616472257501
1381.7953007238466 0.6354666918076712
1517.3678831926832 0.5065696747985011
1666.2419475146144 0.40381791639698567
1829.7225467930496 0.32190815541429124
2009.242777278886 0.25661283542545915
2206.3763411141817 0.20456191058702933
2422.8513416488445 0.16306890960320325
2660.565432262231 0.12999228059059642
2921.6024514865376 0.10362486052223174
3208.2506902581013 0.08263501200310085
3523.0229514301227 0.06590113239508213
3868.678577391626 0.05255592206837431
4248.24763889017 0.04191316361451715
4665.057497101275 0.0334256010558017
5122.761971791787 0.026656799668413254
5625.373371269806 0.021258704290033424
6177.297664900676 0.01695374214882217
6783.373106516807 0.013520549932269496
7448.9126473000115 0.010782591174638853
8179.750509934387 0.008678061086357188
8982.293332305886 0.007016242221281458
9863.576329082187 0.005672655955958135
10831.324963493997 0.004586361841537174
11894.022669942144 0.003708089315625595
13060.985221097328 0.0029980029591490415
14342.442391406054 0.00242389569884188
15749.627632877673 0.0019597280052491384
17294.876549264387 0.0015844468292892085
18991.735031874097 0.0012810307084045942
20855.07800495142 0.0010357177316021112
22901.239821567233 0.0008392382556996953
25148.157453087333 0.0006803295902875049
27615.527727441266 0.0005515100727085841
30324.979994566325 0.00044708236219813646
33300.265732638756 0.0003624279020091133
36567.46675720975 0.00029380265307025084
40155.223858439786 0.00023817150520863517
44094.9878707006 0.00019307404239056776
48421.295375460046 0.00015651572513840438
53172.071454303725 0.00012687967741435388
58388.96214607339 0.00010285517654238881
64117.699522493465 0.00008523241550198106
70408.50258259344 0.00007086987969511332
77316.51748023102 0.00005892757841508196
84902.30094381708 0.000048997677332096015
93232.351125975 0.00004074106638201419
102379.69053664495 0.00003387577902302747
112424.50616971475 0.000028167362966316484
123454.8524346265 0.000023420873537310902
135567.42305496644 0.000019474216237660275
148868.3987006205 0.000016192611153763763
163474.3777839703 0.000013463990169213438
179513.3985796332 0.00001119516979412797
197126.06162780657 9.216738843316109e-6
216466.76226037717 7.470182077793109e-6
237705.04405431132 6.0545949303803505e-6
261027.08507690654 4.907259205898416e-6
286637.3299515642 3.977341703412992e-6
314760.2820510169 3.2236420294843574e-6
345642.4715286637 2.6127671970805707e-6
379554.61644007365 2.1176521349773484e-6
416793.9958993857 1.7163605581794332e-6
457687.0560740622 1.3911130714136515e-6
502592.2718625479 1.1274994454024317e-6
551903.2893407458 9.171607515372531e-7
606052.3765244805 7.496742549569142e-7
665514.212697869 6.127731562904507e-7
730810.0495254372 5.008721302450776e-7
802512.2804249348 4.094058107488799e-7
881249.4582566803 3.346425320029969e-7
967711.8053152757 2.735320830462424e-7
1.0626572639251335e6 2.2358126448477435e-7
1.166918140680272e6 1.827521703191198e-7
1.2814084025728144e6 1.493790449450784e-7
1.407131688969185e6 1.2210032323960433e-7
1.5451901096682244e6 1.e-7
1.6967939061663656e6 1.e-7
1.8632720608220187e6 1.e-7
2.0460839469207374e6 1.e-7
2.2468321217674483e6 1.e-7
2.4672763749519694e6 1.e-7
2.7093491549370834e6 1.e-7
2.9751725092010363e6 1.e-7
3.267076686434364e6 1.e-7
3.5876205638607903e6 1.e-7
3.9396140787512534e6 1.e-7
4.326142860769188e6 1.e-7
4.750595281078015e6 1.e-7
5.216692155327503e6 1.e-7
5.728519360899983e6 1.e-7
6.290563654344249e6 1.e-7
6.907752002978306e6 1.e-7
7.585494775447909e6 1.e-7
8.329733169855986e6 1.e-7
9.146991295225285e6 1.e-7
1.0044433362848507e7 1.e-7
1.102992648887388e7 1.e-7
1.2112109658663737e7 1.e-7
1.3300469457478072e7 1.e-7
1.460542323135008e7 1.e-7
1.603841040715478e7 1.e-7
1.7611992772396583e7 1.e-7
1.9339964593783952e7 1.e-7
2.123747353990763e7 1.e-7
2.3321153468049373e7 1.e-7
2.5609270239150908e7 1.e-7
2.81218818391797e7 1.e-7
3.088101421054026e7 1.e-7
3.391085433489634e7 1.e-7
3.7237962259997934e7 1.e-7
4.08915039291731e7 1.e-7
4.4903506854504004e7 1.e-7
4.930914087495784e7 1.e-7
5.414702646064179e7 1.e-7
5.945957326582487e7 1.e-7
6.52933518985356e7 1.e-7
7.169950216572346e7 1.e-7
7.873418137272687e7 1.e-7
8.645905660690862e7 1.e-7
9.494184532089375e7 1.e-7
1.0425690895424648e8 1.e-7
1.1448590479736547e8 1.e-7
1.257185018119374e8 1.e-7
1.3805316668294188e8 1.e-7
1.51598026992861e8 1.e-7
1.6647181908481285e8 1.e-7
1.8280492892372343e8 1.e-7
2.0074053507988757e8 1.e-7
2.2043586385448974e8 1.e-7
2.4206356754970926e8 1.e-7
2.6581323796553904e8 1.e-7
2.91893068390866e8 1.e-7
3.205316786580832e8 1.e-7
3.519801192599464e8 1.e-7
3.865140720970727e8 1.e-7
4.24436267148175e8 1.e-7
4.660791362479383e8 1.e-7
5.118077272359647e8 1.e-7
5.620229040226694e8 1.e-7
6.171648606243992e8 1.e-7
6.777169799723482e8 1.e-7
7.442100713222071e8 1.e-7
8.172270234102703e8 1.e-7
8.974079141464143e8 1.e-7
9.854556216361291e8 1.e-7
1.082141985718901e9 1.e-7
1.188314574035714e9 1.e-7
1.3049041119383192e9 1.e-7
1.4329326413717313e9 1.e-7
1.5735224802522807e9 1.e-7
1.7279060608801863e9 1.e-7
1.897436733632061e9 1.e-7
2.083600630639792e9 1.e-7
2.288029693455081e9 1.e-7
2.5125159789016867e9 1.e-7
2.759027368523216e9 1.e-7
3.0297248193373346e9 1.e-7
3.3269813071198177e9 1.e-7
3.653402628277503e9 1.e-7
4.011850242663352e9 1.e-7
4.405466357576434e9 1.e-7
4.837701472837987e9 1.e-7
5.312344628406936e9 1.e-7
5.833556619691272e9 1.e-7
6.405906471724632e9 1.e-7
7.034411491947672e9 1.e-7
7.724581252701838e9 1.e-7
8.482465888993883e9 1.e-7
9.314709134916271e9 1.e-7
1.0228606563649124e10 1.e-7
1.1232169541584553e10 1.e-7
1.2334195457205145e10 1.e-7
1.3544344840353815e10 1.e-7
1.4873226047934507e10 1.e-7
1.633248825841168e10 1.e-7
1.79349235903128e10 1.e-7
1.9694579239920414e10 1.e-7
2.1626880621170197e10 1.e-7
2.3748766587218395e10 1.e-7
2.607883791905185e10 1.e-7
2.8637520382814743e10 1.e-7
3.1447243785237904e10 1.e-7
3.453263859679822e10 1.e-7
3.792075186623724e10 1.e-7
4.164128431917919e10 1.e-7
4.572685071929133e10 1.e-7
5.021326577435327e10 1.e-7
5.513985809353182e10 1.e-7
6.054981494805963e10 1.e-7
6.649056085754306e10 1.e-7
7.30141733206455e10 1.e-7
8.017783933450536e10 1.e-7
8.804435670481102e10 1.e-7
9.668268454108698e10 1.e-7
1.0616854776293274e11 1.e-7
1.165851009163891e11 1.e-7
1.2802365711957329e11 1.e-7
1.4058448852760638e11 1.e-7
1.5437770533386188e11 1.e-7