#Columns: M_EDO [M_sun], f_EDO
1909.9679183008805 1.
2097.583620982965 0.7955734561011605
2303.628770335654 0.6329371240527452
2529.9136866025588 0.5035479752773715
2778.426517362153 0.40060940300416015
3051.3507054653583 0.3187142072946422
3351.084172844562 0.25356056340593963
3680.2603887436994 0.2017260537598213
4041.7715074757084 0.16048789377534914
4438.79377899641 0.12767990831325043
4874.815455553223 0.10157874593145194
5353.6674395974 0.08174188463186247
5879.556942233554 0.06583415578469616
6457.10444793082 0.053022218504052296
7091.384310268963 0.042703603039821986
7787.969335395145 0.03439308584274577
8552.979744903243 0.02769987236635315
9393.136948325373 0.022309220307258085
10315.822597682702 0.017967639133324356
11329.143442951003 0.01447096992091367
12442.002558263386 0.011654784966356588
13664.17756464649 0.009385220187171606
15006.406536557442 0.00755481735908642
16480.48234700033 0.006081398644985207
18099.356280140968 0.0048953413062655686
19877.251821764963 0.003940601151774734
21829.78962734587 0.0031720643088753693
23974.124765697354 0.0025534154795415673
26329.09744403726 0.002055421951225851
28915.398538739675 0.0016545522776965412
31755.751386134263 0.0013318643590422548
34875.11143057273 0.0010721103798283164
38300.88548387922 0.0008696897297733392
42063.17252260421 0.0007080603860290521
46195.02813873767 0.0005764693925893216
50732.75496735265 0.0004693342081400781
55716.22164289005 0.0003821097906708765
61189.213086443044 0.0003110957812028139
67199.81520168154 0.00025327952186796727
73800.83735936561 0.00020620824862888196
81050.27638241532 0.00016788503661483258
89011.8261081256 0.00013668408371912238
97755.43700455788 0.00011128173849702913
107357.93075791912 0.00009255843101062459
117903.67523071622 0.00007878870724807656
129485.32572089302 0.00006706747642589693
142204.63903467645 0.00005708998854335281
156173.36752561247 0.000048596830618508646
171514.24095484306 0.00004136718199497711
188362.044799294 0.0000352130730425412
206864.80448181924 0.00002997449797885443
227185.08592799905 0.00002551525474640911
249501.42387632903 0.000021719403782289302
274009.8904909837 0.000018488253609324015
300925.818059045 0.000015737794874526458
330485.69090788 0.000013396516120255023
362949.22316512064 0.000011403544498520628
398601.6406165191 9.518016111555457e-6
437756.18671016704 7.283179360595112e-6
480756.874724927 5.573083820923515e-6
527981.510283728 4.264519894028989e-6
579845.0107676279 3.2632076801520994e-6
636803.0507951517 2.497004265055335e-6
699356.0657962158 1.9107059405467963e-6
768053.6488561772 1.4620708672117083e-6
843499.379460848 1.1187756186791644e-6
926356.1265680093 8.921071100611374e-7
1.0173518725984041e6 7.328580889504392e-7
1.1172861095159992e6 6.020364286787051e-7
1.2270368631937145e6 4.945675935368173e-7
1.3475684077809681e6 4.062828973881507e-7
1.4799397378517482e6 3.3375780149619165e-7
1.6253138727697872e6 2.741790776222324e-7
1.7849680750193787e6 2.2523568368674142e-7
1.960305072280444e6 1.8502911909176323e-7
2.1528653818454007e6 1.5199978241231527e-7
2.3643408456606176e6 1.248664748921654e-7
2.5965894949118486e6 1.0257670310146845e-7
2.851651874754428e6 1.e-7
3.1317689726178795e6 1.e-7
3.4394019076037006e6 1.e-7
3.777253553968113e6 1.e-7
4.1482922886744835e6 1.e-7
4.555778071662247e6 1.e-7
5.003291087974548e6 1.e-7
5.494763203395426e6 1.e-7
6.034512509966922e6 1.e-7
6.627281264904162e6 1.e-7
7.278277556241303e6 1.e-7
7.993221061284159e6 1.e-7
8.77839329990489e6 1.e-7
9.640692824206077e6 1.e-7
1.0587695829452679e7 1.e-7
1.162772271880171e7 1.e-7
1.2769911206669696e7 1.e-7
1.4024296603026789e7 1.e-7
1.5401899983998507e7 1.e-7
1.6914825023445103e7 1.e-7
1.8576364336284112e7 1.e-7
2.0401116267892882e7 1.e-7
2.2405113155706897e7 1.e-7
2.4605962189924717e7 1.e-7
2.7023000110927343e7 1.e-7
2.967746310258841e7 1.e-7
3.259267337416563e7 1.e-7
3.5794244070086956e7 1.e-7
3.931030430797698e7 1.e-7
4.317174632211753e7 1.e-7
4.741249688375116e7 1.e-7
5.2069815382938705e7 1.e-7
5.718462119092683e7 1.e-7
6.2801853179246694e7 1.e-7
6.89708645542876e7 1.e-7
7.574585647637993e7 1.e-7
8.318635427317771e7 1.e-7
9.135773043137361e7 1.e-7
1.0033177896176524e8 1.e-7
1.1018734618406744e8 1.e-7
1.210110234735731e8 1.e-7
1.3289790805615269e8 1.e-7
1.4595243853597152e8 1.e-7
1.6028931249689633e8 1.e-7
1.7603449423967975e8 1.e-7
1.9332632150892693e8 1.e-7
2.1231672093359792e8 1.e-7
2.331725428599416e8 1.e-7
2.5607702730476585e8 1.e-7
2.8123141390894645e8 1.e-7
3.0885671003629893e8 1.e-7
3.3919563255238277e8 1.e-7
3.7251474034379625e8 1.e-7
4.0910677631433344e8 1.e-7
4.4929323943487453e8 1.e-7
4.934272094451519e8 1.e-7
5.418964490252942e8 1.e-7
5.951268106929682e8 1.e-7
6.535859783592172e8 1.e-7
7.177875764164803e8 1.e-7
7.882956824613444e8 1.e-7
8.657297833010135e8 1.e-7
9.507702177871174e8 1.e-7
1.0441641542978487e9 1.e-7
1.1467321553867452e9 1.e-7
1.2593753872753818e9 1.e-7
1.3830835375328925e9 1.e-7
1.518943510507253e9 1.e-7
1.6681489769067817e9 1.e-7
1.83201086143476e9 1.e-7
2.0119688606220236e9 1.e-7
2.209604092053489e9 1.e-7
2.4266529861252966e9 1.e-7
2.665022542385953e9 1.e-7
2.926807084504405e9 1.e-7
3.214306661074616e9 1.e-7
3.5300472539269395e9 1.e-7
3.876802971497126e9 1.e-7
4.2576204222449226e9 1.e-7
4.675845482267771e9 1.e-7
5.135152692290924e9 1.e-7
5.639577542317214e9 1.e-7
6.193551927590241e9 1.e-7
6.801943087388669e9 1.e-7
7.4700963687690325e9 1.e-7
8.203882190981303e9 1.e-7
9.009747623187746e9 1.e-7
9.894773028649231e9 1.e-7
1.0866734273056528e10 1.e-7
1.193417104357185e10 1.e-7
1.3106461878833551e10 1.e-7
1.43939065691406e10 1.e-7
1.580781665078844e10 1.e-7
1.7360614789641777e10 1.e-7
1.9065943927132893e10 1.e-7
2.093878714764541e10 1.e-7
2.2995599320444004e10 1.e-7
2.525445167275931e10 1.e-7
2.7735190564253735e10 1.e-7
3.0459611857865322e10 1.e-7
3.3451652419060043e10 1.e-7
3.673760042600978e10 1.e-7
4.034632633849074e10 1.e-7
4.4309536554801865e10 1.e-7
4.86620519853448e10 1.e-7
5.344211399042014e10 1.e-7
5.86917203702217e10 1.e-7
6.4456994359051476e10 1.e-7
7.078858986574805e10 1.e-7
7.7742136520789e10 1.e-7
8.537872844026463e10 1.e-7
9.376546100102563e10 1.e-7
1.0297602034312529e11 1.e-7
1.1309133077895074e11 1.e-7
1.2420026579719965e11 1.e-7
1.3640042890861595e11 1.e-7
1.4979901119401596e11 1.e-7
1.645137330890562e11 1.e-7
1.8067387868030457e11 1.e-7
1.984214315999671e11 1.e-7
2.179123224992917e11 1.e-7
2.39317799060993e11 1.e-7
2.6282593058767365e11 1.e-7