#Columns: M_EDO [M_sun], f_EDO
3394.202798309378 1.
3726.8230504220314 0.7888097301825995
4092.0389483135973 0.6222207904307454
4493.044753659353 0.49081381381368006
4933.347754841248 0.3871587120442616
5416.798942493331 0.3053945591854767
5947.626691145568 0.2408981998303298
6530.473741553439 0.19002284400963687
7170.437807169232 0.14989186831177184
7873.116159908407 0.11823616419957449
8644.654585168477 0.09384482367399945
9491.80113427207 0.075601145285548
10421.965144465352 0.06090408553956389
11443.28204267428 0.04906417252543358
12564.684499806903 0.03952596946951466
13795.980557933817 0.0318420179550599
15147.939413664775 0.025651846648122367
16632.38560800239 0.020665060781872358
18262.302446478905 0.0166477190892508
20051.94555411261 0.013411359095431286
22016.96755836061 0.010804155922041262
24174.55499057467 0.008747261042544882
26543.578603330276 0.00710163817496295
29144.758418339996 0.0057656064593012485
32000.84494849638 0.0046809224892269035
35136.818179055386 0.0038003001947527447
38580.10604829388 0.0030853494377393433
42360.824338523424 0.0025049024195778914
46512.04007560238 0.0020336549419195135
51070.060740698296 0.0016510632871242076
56074.75182381238 0.0013404486286726564
61569.8854964618 0.0010882699289135385
67603.5234530922 0.0008875125877957918
74228.43726963586 0.000726014843932851
81502.56995577137 0.000593904312861554
89489.54273772197 0.0004858335002144657
98259.21150403544 0.00039742797756995
107888.27778114226 0.00032510931684541424
118460.9595824293 0.0002659502447360763
130069.72799822374 0.00021755615422368717
142816.11596907311 0.0001779681770459387
156811.60631603873 0.00014558389374951658
172178.60679491705 0.00011909247187377537
189051.52070243523 0.0000974996801659217
207577.9223981869 0.00008025076471980648
227919.8480236967 0.00006605339860760588
250255.21270752745 0.00005436772450516544
274779.36665164225 0.00004474939261534372
301706.803708894 0.00003683266418942972
331273.03739526705 0.000030316504247392284
363736.6607448856 0.000024953134670228927
399381.60802376934 0.000020538612393747202
438519.6380837859 0.000016905074437956956
481493.06107678794 0.000013914354887960654
528677.732377402 0.000011452731110926369
580486.3399000004 9.535885341890352e-6
637372.0135614752 8.15290151053259e-6
699832.2884590054 6.970491009203743e-6
768413.4564256785 5.959564806053509e-6
843715.3440236644 5.0952526343777115e-6
926396.5587643525 4.35629114759557e-6
1.0171802494401064e6 3.7245008097497804e-6
1.116860430948797e6 3.1843386522692105e-6
1.2263089289294914e6 2.722515894154669e-6
1.3464830049486647e6 2.3276710184838026e-6
1.4784337289285376e6 1.9900902624378155e-6
1.6233151720447256e6 1.7014686444949528e-6
1.7823945004963872e6 1.4547056497091746e-6
1.9570630584312896e6 1.2437305466325122e-6
2.1488485369595676e6 1.0633530384212466e-6
2.3594283356891596e6 8.288655725082437e-7
2.5906442336459807e6 6.087014349493288e-7
2.844518497894043e6 4.4701752515567016e-7
3.123271570745164e6 3.282802640557832e-7
3.429341490254688e6 2.410821180467248e-7
3.765405213859261e6 1.7704563449485627e-7
4.1344020316581232e6 1.3001858846955738e-7
4.5395592741158055e6 1.e-7
4.984420539031633e6 1.e-7
5.47287668465558e6 1.e-7
6.009199860023387e6 1.e-7
6.598080870148018e6 1.e-7
7.244670202871883e6 1.e-7
7.954623076210084e6 1.e-7
8.734148900179112e6 1.e-7
9.590065585715413e6 1.e-7
1.0529859175681913e7 1.e-7
1.1561749319509098e7 1.e-7
1.269476116412662e7 1.e-7
1.3938804289960137e7 1.e-7
1.5304759382385593e7 1.e-7
1.680457339668912e7 1.e-7
1.845136404886715e7 1.e-7
2.0259534546167254e7 1.e-7
2.2244899560829192e7 1.e-7
2.4424823548821066e7 1.e-7
2.68183726233379e7 1.e-7
2.944648131138358e7 1.e-7
3.2332135651926044e7 1.e-7
3.550057423704562e7 1.e-7
3.897950895442654e7 1.e-7
4.279936736185785e7 1.e-7
4.69935588136043e7 1.e-7
5.159876666625158e7 1.e-7
5.6655269119722955e7 1.e-7
6.220729149961688e7 1.e-7
6.83033930620086e7 1.e-7
7.499689170379598e7 1.e-7
8.234633029320714e7 1.e-7
9.041598869909875e7 1.e-7
9.927644599737483e7 1.e-7
1.0900519777170673e8 1.e-7
1.1968733390761288e8 1.e-7
1.3141628280803518e8 1.e-7
1.442946285394954e8 1.e-7
1.5843500805577365e8 1.e-7
1.7396109634644085e8 1.e-7
1.9100868812656957e8 1.e-7
2.09726885528331e8 1.e-7
2.3027940218230963e8 1.e-7
2.528459950943129e8 1.e-7
2.776240368412099e8 1.e-7
3.0483024183657736e8 1.e-7
3.347025617644702e8 1.e-7
3.675022667592041e8 1.e-7
4.0351623053364575e8 1.e-7
4.430594394422295e8 1.e-7
4.864777474235816e8 1.e-7
5.3415090091807026e8 1.e-7
5.864958602169262e8 1.e-7
6.439704462922035e8 1.e-7
7.070773450035882e8 1.e-7
7.763685037037674e8 1.e-7
8.52449958696054e8 1.e-7
9.35987135766364e8 1.e-7
1.0277106701491283e9 1.e-7
1.1284227968299882e9 1.e-7
1.2390043670762339e9 1.e-7
1.3604225525632188e9 1.e-7
1.4937393044787793e9 1.e-7
1.6401206415909295e9 1.e-7
1.800846848514353e9 1.e-7
1.9773236733721578e9 1.e-7
2.1710946227900834e9 1.e-7
2.38385446175803e9 1.e-7
2.617464036431873e9 1.e-7
2.8739665495190144e9 1.e-7
3.155605430596032e9 1.e-7
3.464843957656261e9 1.e-7
3.8043868015018644e9 1.e-7
4.1772036814124813e9 1.e-7
4.586555338988579e9 1.e-7
5.036022057342261e9 1.e-7
5.529534975071394e9 1.e-7
6.071410468895766e9 1.e-7
6.666387905673962e9 1.e-7
7.319671093988593e9 1.e-7
8.036973797844959e9 1.e-7
8.824569710556362e9 1.e-7
9.689347325898888e9 1.e-7
1.0638870186451874e10 1.e-7
1.1681443036068865e10 1.e-7
1.2826184455064838e10 1.e-7
1.4083106613402578e10 1.e-7
1.5463202839418453e10 1.e-7
1.6978543769983438e10 1.e-7
1.864238292305076e10 1.e-7
2.046927261595134e10 1.e-7
2.2475191243286022e10 1.e-7
2.4677683027614803e10 1.e-7
2.7096011465234905e10 1.e-7
2.975132780912067e10 1.e-7
3.2666856062613613e10 1.e-7
3.5868096101861206e10 1.e-7
3.938304670355898e10 1.e-7
4.324245042864796e10 1.e-7
4.7480062503774956e10 1.e-7
5.213294605221731e10 1.e-7
5.724179625642456e10 1.e-7
6.285129628738218e10 1.e-7
6.901050811383191e10 1.e-7
7.577330160945868e10 1.e-7
8.319882571111218e10 1.e-7
9.135202574892091e10 1.e-7
1.0030421147298653e11 1.e-7
1.1013368074474696e11 1.e-7
1.209264043479624e11 1.e-7
1.3277677790882623e11 1.e-7
1.4578844750167935e11 1.e-7
1.6007521616125204e11 1.e-7
1.7576203923000418e11 1.e-7
1.929861172460959e11 1.e-7
2.118980959306373e11 1.e-7
2.3266338376958096e11 1.e-7
2.554635987141231e11 1.e-7
2.8049815665280145e11 1.e-7
3.079860155484043e11 1.e-7
3.3816759049434045e11 1.e-7
3.713068564399642e11 1.e-7
4.076936569757874e11 1.e-7
4.47646239371736e11 1.e-7