#Columns: M_EDO [M_sun], f_EDO
6848.161010651729 1.
7514.696197419869 0.7844968368706698
8246.105611664403 0.6154352870600882
9048.703496765453 0.4828070359972319
9929.418664800329 0.378760592558733
10895.85431284475 0.2971364867935867
11956.353661226629 0.23310263400843295
13120.071980386463 0.18286827904583758
14397.055628150638 0.1434595864754422
15798.328779744854 0.11254359180875903
17335.988599286607 0.08932963172944508
19023.309674369808 0.07169581472477422
20874.858615323767 0.057542942353301665
22906.619808479332 0.04618387038889799
25136.13340906834 0.03706709801182325
27582.646765045585 0.02974999157602858
30267.28057907296 0.023877294049063677
33213.21124313834 0.019163876724080812
36445.870919901376 0.015380895772407168
39993.1670980635 0.012344681515529827
43885.72351718026 0.009911566391579115
48157.14454181452 0.008026722864677076
52844.30526736872 0.006500312604581664
57987.66986207263 0.005264173769251366
63631.640893368225 0.004263106585572808
69824.94265441832 0.003452408403786205
76621.04179999138 0.002795877500898121
84078.60892306137 0.0022641964929339194
92262.02505690684 0.0018336231673123813
101241.93747532982 0.001484930274469261
111095.8695892105 0.0012025469351302658
121908.89020461906 0.0009752632766696116
133774.3479201786 0.0007988889149020404
146794.6770037198 0.0006544114944354356
161082.2817053403 0.0005360625189069404
176760.50664113052 0.00043911671268054856
193964.7016248676 0.00035970335651995934
212843.39014034873 0.00029465174281775186
233559.55154176685 0.0002413645799291312
256292.02805133438 0.00019771429107208387
281237.06870073965 0.00016195806735857678
308610.0235452593 0.00013266828331069946
338647.2027766339 0.00010867549658788834
371607.91678440047 0.0000885472062319938
407776.71477748983 0.00007187161188548308
447465.84129206097 0.000058336437871160424
491017.93179257034 0.00004735026659647158
538808.9706371322 0.000038433058797807
591251.5369432343 0.00003119517828999431
648798.3663753156 0.000025320366866039397
711946.2596030312 0.000020551925437671137
781240.3711718548 0.000016681497603500842
857278.9158117819 0.000013539965544324919
940718.3328135456 0.00001099006044295641
1.0322789530563822e6 9.090135566638278e-6
1.132751217610627e6 7.636711525829644e-6
1.2430025016002357e6 6.415675817066764e-6
1.3639846022355305e6 5.389871812032803e-6
1.4967419556601713e6 4.528083864971165e-6
1.6424206535482467e6 3.8040874075035495e-6
1.8022783372916465e6 3.195850924024154e-6
1.9776950551939209e6 2.684865523447248e-6
2.1701851764007295e6 2.25558170589473e-6
2.3814104644194855e6 1.894936184898622e-6
2.6131944230916793e6 1.5919543661193963e-6
2.8675380388664333e6 1.337416385841085e-6
3.146637055277952e6 1.1235765466546518e-6
3.452900928757121e6 9.218865153357535e-7
3.7889736294224868e6 7.211626911971924e-7
4.15775646642333e6 5.641427860406017e-7
4.56243313488561e6 4.4131107574813826e-7
5.006497200690739e6 3.4522371002003797e-7
5.493782260362395e6 2.7005759997742996e-7
6.028495036431545e6 2.1125752718820035e-7
6.615251693990967e6 1.652600882086002e-7
7.2591176919595e6 1.2927774512093153e-7
7.965651513091375e6 1.0112989509273924e-7
8.740952650250686e6 1.e-7
9.591714263215689e6 1.e-7
1.0525280960598402e7 1.e-7
1.1549712205708958e7 1.e-7
1.2673851893747305e7 1.e-7
1.390740470097997e7 1.e-7
1.5261019865023185e7 1.e-7
1.674638311950621e7 1.e-7
1.837631757678451e7 1.e-7
2.016489442962148e7 1.e-7
2.212755442752486e7 1.e-7
2.428124117643918e7 1.e-7
2.6644547412569825e7 1.e-7
2.9237875513116322e7 1.e-7
3.208361362960137e7 1.e-7
3.520632896435192e7 1.e-7
3.863297985868332e7 1.e-7
4.2393148523740135e7 1.e-7
4.6519296423155814e7 1.e-7
5.104704451224172e7 1.e-7
5.601548075300841e7 1.e-7
6.146749755978919e7 1.e-7
6.74501620886252e7 1.e-7
7.401512256711781e7 1.e-7
8.121905417258196e7 1.e-7
8.91241483077591e7 1.e-7
9.779864949800068e7 1.e-7
1.0731744454493824e8 1.e-7
1.1776270902279986e8 1.e-7
1.2922461669856068e8 1.e-7
1.4180211800033286e8 1.e-7
1.5560379425450602e8 1.e-7
1.7074879506624794e8 1.e-7
1.8736786693574557e8 1.e-7
2.0560448199022737e8 1.e-7
2.2561607657606825e8 1.e-7
2.4757541040373594e8 1.e-7
2.7167205797904617e8 1.e-7
2.9811404519621265e8 1.e-7
3.271296452213859e8 1.e-7
3.5896934917050254e8 1.e-7
3.939080285942534e8 1.e-7
4.322473084388955e8 1.e-7
4.743181709685909e8 1.e-7
5.204838131289195e8 1.e-7
5.711427820191189e8 1.e-7
6.267324155415007e8 1.e-7
6.877326179311393e8 1.e-7
7.546700027598957e8 1.e-7
8.281224391812162e8 1.e-7
9.087240406634244e8 1.e-7
9.971706392790518e8 1.e-7
1.094225792809721e9 1.e-7
1.2007273765257764e9 1.e-7
1.3175948165473235e9 1.e-7
1.445837027232217e9 1.e-7
1.5865611211142936e9 1.e-7
1.7409819665845082e9 1.e-7
1.9104326758263597e9 1.e-7
2.0963761135477095e9 1.e-7
2.3004175258635635e9 1.e-7
2.524318398354917e9 1.e-7
2.7700116629397755e9 1.e-7
3.0396183848371797e9 1.e-7
3.3354660736824126e9 1.e-7
3.6601087768727612e9 1.e-7
4.0163491286095176e9 1.e-7
4.407262544985086e9 1.e-7
4.83622377399074e9 1.e-7
5.30693602965114e9 1.e-7
5.823462961799527e9 1.e-7
6.390263737488483e9 1.e-7
7.012231536893254e9 1.e-7
7.694735796041776e9 1.e-7
8.443668561052499e9 1.e-7
9.265495354055115e9 1.e-7
1.0167310989918285e10 1.e-7
1.1156900825649979e10 1.e-7
1.224280797123425e10 1.e-7
1.3434407042135216e10 1.e-7
1.4741985090171902e10 1.e-7
1.6176830411438063e10 1.e-7
1.7751329997944996e10 1.e-7
1.947907647428511e10 1.e-7
2.137498544249774e10 1.e-7
2.3455424248174294e10 1.e-7
2.5738353279437706e10 1.e-7
2.8243481018626354e10 1.e-7
3.0992434185243153e10 1.e-7
3.4008944439007565e10 1.e-7
3.7319053254816956e10 1.e-7
4.095133673829811e10 1.e-7
4.493715232277561e10 1.e-7
4.93109094773899e10 1.e-7
5.411036676338198e10 1.e-7
5.93769578030237e10 1.e-7
6.515614897528213e10 1.e-7
7.149783192619159e10 1.e-7
7.845675428247308e10 1.e-7
8.609299228674194e10 1.e-7
9.447246943455087e10 1.e-7
1.0366752559065767e11 1.e-7
1.1375754149768506e11 1.e-7
1.2482962406853943e11 1.e-7
1.3697935837871497e11 1.e-7
1.5031163285040543e11 1.e-7
1.6494154475223306e11 1.e-7
1.8099539383175314e11 1.e-7
1.986117726587371e11 1.e-7
2.179427630921585e11 1.e-7
2.3915524919995425e11 1.e-7
2.6243235796596103e11 1.e-7
2.87975040221646e11 1.e-7
3.160038054507557e11 1.e-7
3.4676062544344305e11 1.e-7
3.8051102323407404e11 1.e-7
4.175463653564588e11 1.e-7
4.581863772055274e11 1.e-7
5.027819032205098e11 1.e-7
5.517179357182087e11 1.e-7
6.054169385242568e11 1.e-7
6.643424940951914e11 1.e-7
7.290033056168519e11 1.e-7
7.999575886292023e11 1.e-7