#Columns: M_EDO [M_sun], f_EDO
17369.80123445108 1.
19038.067978725354 0.7754051040499379
20866.561883488503 0.6012530753866915
22870.671820481984 0.46621470348056265
25067.264671622204 0.3615052606619546
27474.827283141654 0.28031302425818283
30113.62205358707 0.2173561497414678
33005.85746512437 0.16853906790617673
36175.87499336842 0.13068605348626777
39650.35396879621 0.10133463290139522
43458.53611388894 0.08089979964239005
47632.47164573882 0.06468940855161395
52207.2890153565 0.05172719335839896
57221.49055384575 0.041362297053656134
62717.276513644174 0.033074278855632314
68740.9002320117 0.026446981907244628
75343.05740587098 0.021147637263843718
82579.3127541975 0.016910154943638442
90510.56765880816 0.013521763053254069
99203.57271928593 0.010812324113986319
108731.4895357741 0.008762845722379868
119174.506447687 0.007153292882438408
130620.51341048712 0.0058393814844028575
143165.84169038406 0.004766808332998616
156916.07460234154 0.003891244602572592
171986.93611467368 0.003176503752464757
188505.26479886496 0.0025930459582910424
206610.08132151116 0.002116757248151268
226453.75846255134 0.0017279528861701807
248203.30350683766 0.0014105638137918873
272041.7638018358 0.0011514725249188035
298169.76731083356 0.0009385651867691718
326807.211127178 0.0007624202973930811
358195.1121603319 0.000619333337813126
392597.63556937774 0.0005031001727502417
430304.31801558123 0.0004086810258189161
471632.5044452115 0.0003319819588837981
516930.0189109607 0.00026967736220070575
566578.0919099664 0.00021906575865764474
620994.5688753485 0.00017795266990387417
680637.4268244049 0.00014455546553674946
746008.6287600645 0.00011742606968377687
817658.3482648386 0.0000952174533820934
896189.5998420286 0.00007673999261106035
982263.313973863 0.00006184818283591143
1.076603899608956e6 0.00004984620912711681
1.1800053408938092e6 0.00004017328319792741
1.2933378794593483e6 0.000032377440755528
1.417555338501586e6 0.000026094423617629806
1.5537031502969381e6 0.000021030659868323737
1.702927154712926e6 0.000016949546806556292
1.8664832427638648e6 0.000013660395762491165
2.0457479263730461e6 0.000011009522231928006
2.2422299232981047e6 8.862070074241109e-6
2.457582854720011e6 7.126376139575509e-6
2.693619162360442e6 5.7306291258433944e-6
2.952325362255997e6 4.608248222485842e-6
3.235878763567267e6 3.705692902769835e-6
3.546665793130719e6 2.9799088995755524e-6
3.8873020799754895e6 2.396274403400323e-6
4.2606544688392775e6 1.9269485108116652e-6
4.669865147952312e6 1.5495431399886266e-6
5.118378094152442e6 1.2460550602228769e-6
5.609968057897154e6 1.0020070903727322e-6
6.148772332114674e6 8.193606674873958e-7
6.739325572265488e6 6.701112842967542e-7
7.386597960664988e6 5.480481931343783e-7
8.096037036263673e6 4.48219316755819e-7
8.873613541930502e6 3.665746159367294e-7
9.725871675096873e6 2.998017801235632e-7
1.0659984164678069e7 2.4519184760128075e-7
1.1683812637807125e7 2.0052930341291387e-7
1.2805973784437029e7 1.6400219632367004e-7
1.4035911876661813e7 1.3412862829131808e-7
1.538397825308974e7 1.0969663413412433e-7
1.6861518437220693e7 1.e-7
1.8480967623028938e7 1.e-7
2.0255955331371766e7 1.e-7
2.2201420118027482e7 1.e-7
2.433373529876234e7 1.e-7
2.6670846749547526e7 1.e-7
2.9232423941672083e7 1.e-7
3.2040025482885744e7 1.e-7
3.511728055779034e7 1.e-7
3.849008779450841e7 1.e-7
4.218683323131976e7 1.e-7
4.6238629217704944e7 1.e-7
5.067957626042233e7 1.e-7
5.554705001835381e7 1.e-7
6.088201586150729e7 1.e-7
6.672937364155395e7 1.e-7
7.313833557553747e7 1.e-7
8.016284042307957e7 1.e-7
8.7862007442858e7 1.e-7
9.630063394892181e7 1.e-7
1.0554974065435001e8 1.e-7
1.1568716939194463e8 1.e-7
1.2679823824246334e8 1.e-7
1.389764595840473e8 1.e-7
1.5232432710605443e8 1.e-7
1.6695417841091445e8 1.e-7
1.829891404637982e8 1.e-7
2.0056416584714094e8 1.e-7
2.1982716854128072e8 1.e-7
2.409402687901205e8 1.e-7
2.6408115752878165e8 1.e-7
2.894445918564534e8 1.e-7
3.172440341405973e8 1.e-7
3.477134485473943e8 1.e-7
3.8110927011834043e8 1.e-7
4.177125629650117e8 1.e-7
4.5783138574566525e8 1.e-7
5.0180338433190125e8 1.e-7
5.499986334856356e8 1.e-7
6.028227514623317e8 1.e-7
6.607203137534803e8 1.e-7
7.241785946988758e8 1.e-7
7.937316684585919e8 1.e-7
8.699649038591514e8 1.e-7
9.535198909430256e8 1.e-7
1.045099840684144e9 1.e-7
1.1454755033141627e9 1.e-7
1.255491655068952e9 1.e-7
1.3760742079487834e9 1.e-7
1.5082380023289626e9 1.e-7
1.653095348004608e9 1.e-7
1.8118653855523455e9 1.e-7
1.985884346795479e9 1.e-7
2.176616800726082e9 1.e-7
2.385667979531621e9 1.e-7
2.614797288463443e9 1.e-7
2.8659331132482486e9 1.e-7
3.1411890496641326e9 1.e-7
3.4428816918712106e9 1.e-7
3.7735501292064333e9 1.e-7
4.135977315530312e9 1.e-7
4.533213490972951e9 1.e-7
4.968601853200487e9 1.e-7
5.445806694254965e9 1.e-7
5.968844239771191e9 1.e-7
6.542116450118266e9 1.e-7
7.170448067941045e9 1.e-7
7.859127223898556e9 1.e-7
8.613949942344315e9 1.e-7
9.44126892151344e9 1.e-7
1.0348046998758865e10 1.e-7
1.1341915750807518e10 1.e-7
1.243123972222435e10 1.e-7
1.3625186822641079e10 1.e-7
1.4933805485222744e10 1.e-7
1.6368109235748405e10 1.e-7
1.794016938405269e10 1.e-7
1.9663216617932594e10 1.e-7
2.155175235454744e10 1.e-7
2.3621670786464565e10 1.e-7
2.5890392649504368e10 1.e-7
2.837701183819742e10 1.e-7
3.1102456102789738e10 1.e-7
3.4089663180244564e10 1.e-7
3.736377384158681e10 1.e-7
4.095234348030413e10 1.e-7
4.488557402256194e10 1.e-7
4.919656811102516e10 1.e-7
5.392160770153416e10 1.e-7
5.910045941734159e10 1.e-7
6.4776709230824036e10 1.e-7
7.09981292893899e10 1.e-7
7.781707997284685e10 1.e-7
8.529095056600899e10 1.e-7
9.348264225529582e10 1.e-7
1.0246109751430467e11 1.e-7
1.1230188033373824e11 1.e-7
1.2308781217898367e11 1.e-7
1.3490966902766171e11 1.e-7
1.478669453535134e11 1.e-7
1.620686914864184e11 1.e-7
1.7763443139589856e11 1.e-7
1.9469516862230435e11 1.e-7
2.1339448882173434e11 1.e-7
2.3388976820389746e11 1.e-7
2.563534980332688e11 1.e-7
2.809747363407657e11 1.e-7
3.0796069906374994e11 1.e-7
3.375385040056129e11 1.e-7
3.6995708229238025e11 1.e-7
4.054892734134284e11 1.e-7
4.444341214784647e11 1.e-7
4.871193920164318e11 1.e-7
5.339043304980756e11 1.e-7
5.851826857982703e11 1.e-7
6.413860240440824e11 1.e-7
7.029873607383007e11 1.e-7
7.705051417269951e11 1.e-7
8.445076065154839e11 1.e-7
9.256175706549788e11 1.e-7
1.0145176674492302e12 1.e-7
1.1119560930961191e12 1.e-7
1.2187529036161025e12 1.e-7
1.335806916563457e12 1.e-7
1.4641032756061033e12 1.e-7
1.6047217416385286e12 1.e-7