#Columns: M_EDO [M_sun], f_EDO
73745.79289303946 0.9999999999999998
80815.87965945256 0.7715173994288186
88563.78308392402 0.5952390976214038
97054.48616271935 0.4592373206352222
106359.20188033757 0.3543095833371432
116555.97048503731 0.273356008328981
127730.31402579947 0.21089891666421667
139975.95364043344 0.16271218372713162
153395.59561085305 0.12553528084454
168101.79277829462 0.09714538201300282
184217.88854332292 0.07680666703136112
201879.05136810616 0.06072614032931378
221233.40845751824 0.04801229192499357
242443.28812743493 0.03796026164992501
265686.5812801925 0.03001276145662695
291158.23340612644 0.023729179175828116
319071.87962486845 0.018761150824867713
349661.6364797745 0.014833247187580091
383184.0655135715 0.011727703922949726
419920.32509406406 0.009275661438435008
460178.528537635 0.007341825232732208
504296.32830853626 0.005811164853929537
552643.7479680708 0.004599624192767512
605626.2856257394 0.0036406715772976128
663688.3149214962 0.002881646190700585
727316.8120637715 0.0022808662061582973
797045.4401825316 0.001805339832205486
873459.025253585 0.0014289535707740306
957198.4611344397 0.001131038196245509
1.0489660848511322e6 0.0009245392333252069
1.1495315672194469e6 0.0007833178036550065
1.2597383682061867e6 0.0006636676513078532
1.3805108111727338e6 0.0005622938088950565
1.5128618353337853e6 0.0004764046083889172
1.6579014914524553e6 0.0004036348032004666
1.8168462520266029e6 0.0003419804331986586
1.991029214052535e6 0.00028974363896132804
2.1819112799384026e6 0.0002454859055336204
2.391093410343517e6 0.0002079884481043072
2.6203300517102536e6 0.00017621864868699652
2.871543851107619e6 0.00014930161952791612
3.1468417818022813e6 0.00012649611014355476
3.44853281480515e6 0.00010717409450778532
3.7791472846076232e6 0.00007964808477859707
4.14145811153145e6 0.00005387373825236985
4.538504058687536e6 0.00003644004349072249
4.973615218603864e6 0.000024647941885624287
5.450440943283285e6 0.000016671797863023713
5.9729804519453505e6 0.000011276756707529927
6.545616373164524e6 8.560526844714738e-6
7.1731515027284585e6 6.839937022152642e-6
7.860849085510886e6 5.4651704638832376e-6
8.614476959210062e6 4.3667197669463035e-6
9.440355930193797e6 3.4890478986982337e-6
1.0345412787187655e7 2.787780276526331e-6
1.1337238397441281e7 2.2274612145877655e-6
1.2424151372635365e7 1.779761304816714e-6
1.3615267838505995e7 1.422045098418962e-6
1.492057789335628e7 1.136226670657761e-6
1.635102939672619e7 9.386728842494653e-7
1.7918619790970083e7 8.104322137288242e-7
1.9636496725865524e7 6.997116717338228e-7
2.151906833020934e7 6.041176735903604e-7
2.358212405526769e7 5.215836440742736e-7
2.584296710361467e7 4.503253416655851e-7
2.832055955406299e7 3.8880228636415637e-7
3.1035681399874665e7 3.356844572035077e-7
3.40111048341324e7 2.8982353952124783e-7
3.7271785244032644e7 2.502281004023389e-7
4.084507051600244e7 2.1604215563164277e-7
4.476093040711842e7 1.8652666481070755e-7
4.905220790660512e7 1.6104355459555558e-7
5.37548946956243e7 1.3904192466579124e-7
5.890843301568398e7 1.200461382221695e-7
6.455604647749043e7 1.0364553954999906e-7
7.074510258479203e7 1.e-7
7.752751001376548e7 1.e-7
8.49601539799953e7 1.e-7
9.310537334454402e7 1.e-7
1.020314834606827e8 1.e-7
1.1181334914648747e8 1.e-7
1.2253301258892287e8 1.e-7
1.342803814457492e8 1.e-7
1.4715398291648644e8 1.e-7
1.6126179010694996e8 1.e-7
1.7672212761822814e8 1.e-7
1.936646639554293e8 1.e-7
2.122314990796929e8 1.e-7
2.3257835622496352e8 1.e-7
2.5487588797548854e8 1.e-7
2.793111075583458e8 1.e-7
3.060889573554816e8 1.e-7
3.354340277906574e8 1.e-7
3.675924410078983e8 1.e-7
4.0283391514016426e8 1.e-7
4.4145402648164445e8 1.e-7
4.837766885368831e8 1.e-7
5.3015686873895293e8 1.e-7
5.809835656222697e8 1.e-7
6.36683071420075e8 1.e-7
6.97722547450593e8 1.e-7
7.646139422792219e8 1.e-7
8.379182855190333e8 1.e-7
9.182503932824712e8 1.e-7
1.0062840247496426e9 1.e-7
1.102757533102235e9 1.e-7
1.2084800582184381e9 1.e-7
1.324338313067991e9 1.e-7
1.4513040207261405e9 1.e-7
1.5904420643818722e9 1.e-7
1.742919418696068e9 1.e-7
1.9100149374183416e9 1.e-7
2.093130079352995e9 1.e-7
2.2938006626346607e9 1.e-7
2.5137097458986263e9 1.e-7
2.7547017443826427e9 1.e-7
3.018797899354129e9 1.e-7
3.3082132306077485e9 1.e-7
3.625375114216715e9 1.e-7
3.9729436413526797e9 1.e-7
4.353833928927081e9 1.e-7
4.771240569177251e9 1.e-7
5.228664423259869e9 1.e-7
5.729941983574698e9 1.e-7
6.279277551084895e9 1.e-7
6.881278497511108e9 1.e-7
7.540993908149123e9 1.e-7
8.263956929415119e9 1.e-7
9.056231176294619e9 1.e-7
9.92446158892254e9 1.e-7
1.0875930164836935e10 1.e-7
1.1918617034342493e10 1.e-7
1.3061267391233648e10 1.e-7
1.4313464840236359e10 1.e-7
1.5685711776346369e10 1.e-7
1.718951747021913e10 1.e-7
1.88374945983991e10 1.e-7
2.0643465028002922e10 1.e-7
2.2622575743092598e10 1.e-7
2.4791425885030895e10 1.e-7
2.716820597233017e10 1.e-7
2.9772850467654205e10 1.e-7
3.262720497157915e10 1.e-7
3.575520944539608e10 1.e-7
3.9183098999677216e10 1.e-7
4.293962393265157e10 1.e-7
4.7056290863893654e10 1.e-7
5.156762698575003e10 1.e-7
5.651146964883026e10 1.e-7
6.1929283710362595e10 1.e-7
6.786650930707041e10 1.e-7
7.437294296940167e10 1.e-7
8.15031552735775e10 1.e-7
8.931694853438647e10 1.e-7
9.787985837746423e10 1.e-7
1.072637033978387e11 1.e-7
1.1754718751481694e11 1.e-7
1.288165600752691e11 1.e-7
1.4116633924170828e11 1.e-7
1.5470010473234973e11 1.e-7
1.6953136656198715e11 1.e-7
1.8578451706998032e11 1.e-7
2.0359587422015784e11 1.e-7
2.231148249229869e11 1.e-7
2.4450507796923917e11 1.e-7
2.6794603708372507e11 1.e-7
2.936343056151402e11 1.e-7
3.2178533548209827e11 1.e-7
3.5263523420537274e11 1.e-7
3.864427451822026e11 1.e-7
4.234914178115938e11 1.e-7
4.640919856718106e11 1.e-7
5.0858497269624634e11 1.e-7
5.573435492061154e11 1.e-7
6.107766617540162e11 1.e-7
6.693324630288645e11 1.e-7
7.335020705894585e11 1.e-7
8.038236859517463e11 1.e-7
8.808871085773561e11 1.e-7
9.6533868262294e11 1.e-7
1.0578867179395842e12 1.e-7
1.1593074307891572e12 1.e-7
1.2704514541033364e12 1.e-7
1.3922509718880898e12 1.e-7
1.525727537610947e12 1.e-7
1.672000642145343e12 1.e-7
1.8322971031327742e12 1.e-7
2.0079613545129927e12 1.e-7
2.2004667225222754e12 1.e-7
2.4114277827335615e12 1.e-7
2.642613901778927e12 1.e-7
2.895964077331387e12 1.e-7
3.173603200811221e12 1.e-7
3.4778598792151772e12 1.e-7
3.811285965543143e12 1.e-7
4.176677961627374e12 1.e-7
4.577100472873556e12 1.e-7
5.015911911632391e12 1.e-7
5.496792664780738e12 1.e-7
6.023775961758104e12 1.e-7
6.601281701954492e12 1.e-7