#Columns: M_EDO [M_sun], f_EDO
1.0325041597687738e6 1.
1.1245797766457035e6 0.7310237328105399
1.224866420222192e6 0.5343956979322556
1.3340963251739112e6 0.39065593790032815
1.4530670246635305e6 0.28557876196850035
1.5826471734634943e6 0.20876485258562574
1.7237828903673512e6 0.15261206181678622
1.8775046661982776e6 0.11156303910121906
2.0449348878530113e6 0.08415620592363539
2.2272960333174397e6 0.06456081007806558
2.4259195974890054e6 0.04952811444135503
2.6422558139771363e6 0.03799571469363228
2.8778842438646075e6 0.029148582605326573
3.134525308742814e6 0.022361465621856893
3.4140528522284282e6 0.017154698447193632
3.7185078216784024e6 0.013160303702388097
4.0501131699991324e6 0.010095985894023279
4.4112900863541905e6 0.0076793375484702645
4.804675674277737e6 0.005839291526641365
5.23314220626902e6 0.004440138920563256
5.699818095453645e6 0.003376237261652906
6.208110737434586e6 0.0025672570725619277
6.761731389110804e6 0.0019521166215056025
7.364722266114052e6 0.0014843699700691144
8.021486056713764e6 0.0011287000908499053
8.736818067683108e6 0.0008456080826470255
9.515941236836828e6 0.0006261154687197992
1.0364544267881839e7 0.0004635960656183258
1.1288823166019337e7 0.0003432614634106304
1.2295526477566848e7 0.0002541618469208806
1.3392004563913854e7 0.0001881896202049245
1.4586263269580636e7 0.00013934165801013558
1.5887022376233283e7 0.00010317305298703899
1.730377926945186e7 0.00007937750072760238
1.884687828310989e7 0.0000613422234455194
2.052758622767683e7 0.000047404722279590774
2.235817465390747e7 0.00003663394588885392
2.4352009452560186e7 0.000028310386114534214
2.6523648444348305e7 0.000021878013479237725
2.888894767267016e7 0.000016907133370108847
3.146517717520518e7 0.000013065681628998083
3.427114707967296e7 0.000010097042040973594
3.73273449444327e7 7.883015818500881e-6
4.065608534670505e7 6.156917271827362e-6
4.428167281062122e7 4.808772577007846e-6
4.823057926470611e7 3.7558233571196388e-6
5.2531637324485734e7 2.9334323601268756e-6
5.721625081145742e7 2.2911155805897036e-6
6.231862404550799e7 1.7894432048175325e-6
6.787601158494088e7 1.397619138203172e-6
7.392899023756796e7 1.0915905295082874e-6
8.052175532893299e7 9.048873640770619e-7
8.770244339084361e7 7.750684827537203e-7
9.552348362629831e7 6.638739547113342e-7
1.0404198071699733e8 5.686318532501951e-7
1.1332013176847638e8 4.870535773185264e-7
1.2342568043715592e8 4.171788580306583e-7
1.344324115550731e8 3.5732865477743106e-7
1.464206898637616e8 3.0606480905526874e-7
1.5947804679079875e8 2.621554865237035e-7
1.7369981955332115e8 2.2454557688815984e-7
1.8918984725487146e8 1.923313403378921e-7
2.06061229058064e8 1.6473869131074038e-7
2.2443714996882284e8 1.4110459775872633e-7
2.4445178026155427e8 1.208611489519222e-7
2.6625125511237413e8 1.0352190898099439e-7
2.899947415930666e8 1.e-7
3.158556008163622e8 1.e-7
3.44022653717837e8 1.e-7
3.747015597164355e8 1.e-7
4.0811631831979704e8 1.e-7
4.445109046382194e8 1.e-7
4.841510507488695e8 1.e-7
5.273261859166532e8 1.e-7
5.74351549838197e8 1.e-7
6.255704943385423e8 1.e-7
6.813569903262451e8 1.e-7
7.421183583111904e8 1.e-7
8.082982424217781e8 1.e-7
8.803798496360196e8 1.e-7
9.588894778775257e8 1.e-7
1.0444003587364918e9 1.e-7
1.137536842872967e9 1.e-7
1.2389789586618464e9 1.e-7
1.3494673773640752e9 1.e-7
1.4698088210769176e9 1.e-7
1.600881952948965e9 1.e-7
1.743643792666812e9 1.e-7
1.8991367040555465e9 1.e-7
2.0684960058124456e9 1.e-7
2.2529582609430285e9 1.e-7
2.4538703054240403e9 1.e-7
2.6726990820156116e9 1.e-7
2.9110423510229754e9 1.e-7
3.1706403562119656e9 1.e-7
3.453388531055623e9 1.e-7
3.7613513380857363e9 1.e-7
4.0967773423961387e9 1.e-7
4.462115629355707e9 1.e-7
4.860033686403677e9 1.e-7
5.293436879489571e9 1.e-7
5.765489666363831e9 1.e-7
6.279638701605391e9 1.e-7
6.839638002086702e9 1.e-7
7.449576356618908e9 1.e-7
8.11390717990691e9 1.e-7
8.837481028790373e9 1.e-7
9.625581018185345e9 1.e-7
1.0483961395313128e10 1.e-7
1.1418889553862633e10 1.e-7
1.2437191794850157e10 1.e-7
1.3546303168293839e10 1.e-7
1.4754321759620337e10 1.e-7
1.6070067817168407e10 1.e-7
1.750314815250695e10 1.e-7
1.906402628377887e10 1.e-7
2.0764098834217834e10 1.e-7
2.2615778743655098e10 1.e-7
2.4632585900577766e10 1.e-7
2.6829245856483124e10 1.e-7
2.922179734327964e10 1.e-7
3.1827709378769924e10 1.e-7
3.4666008815244995e10 1.e-7
3.775741926248192e10 1.e-7
4.112451239947465e10 1.e-7
4.4791872779690994e10 1.e-7
4.87862773331669e10 1.e-7
5.313689087605671e10 1.e-7
5.78754790551406e10 1.e-7
6.303664028207747e10 1.e-7
6.865805835086424e10 1.e-7
7.478077758295314e10 1.e-7
8.14495025089901e10 1.e-7
8.87129242752654e10 1.e-7
9.662407615811172e10 1.e-7
1.0524072078200745e11 1.e-7
1.1462577186862593e11 1.e-7
1.248477535961979e11 1.e-7
1.3598130092315747e11 1.e-7
1.4810770452915524e11 1.e-7
1.6131550435225906e11 1.e-7
1.7570113605603217e11 1.e-7
1.9136963514659222e11 1.e-7
2.0843540388071674e11 1.e-7
2.270230465645069e11 1.e-7
2.4726827934147522e11 1.e-7
2.6931892111280048e11 1.e-7
2.933359728248656e11 1.e-7
3.194947930044315e11 1.e-7
3.479863781244726e11 1.e-7
3.7901875714922766e11 1.e-7
4.1281851044054395e11 1.e-7
4.4963242411575916e11 1.e-7
4.897292919362232e11 1.e-7
5.334018778828289e11 1.e-7
5.809690537481304e11 1.e-7
6.327781273524849e11 1.e-7
6.892073783835502e11 1.e-7
7.506688203742585e11 1.e-7
8.176112089857672e11 1.e-7
8.905233185599464e11 1.e-7
9.699375108650508e11 1.e-7
1.0564336220913468e12 1.e-7
1.150643196477346e12 1.e-7
1.2532540974780989e12 1.e-7
1.3650155301435828e12 1.e-7
1.4867435113777817e12 1.e-7
1.6193268280188804e12 1.e-7
1.7637335262433198e12 1.e-7
1.9210179796752017e12 1.e-7
2.0923285878086145e12 1.e-7
2.2789161609520073e12 1.e-7
2.482143052916735e12 1.e-7
2.703493108131307e12 1.e-7
2.944582495809381e12 1.e-7
3.207171510276295e12 1.e-7
3.4931774236131685e12 1.e-7
3.80468848446138e12 1.e-7
4.143979165197993e12 1.e-7
4.513526768808809e12 1.e-7
4.916029516712192e12 1.e-7
5.354426249600744e12 1.e-7
5.831917885144781e12 1.e-7
6.351990789229312e12 1.e-7
6.918442231367687e12 1.e-7
7.535408110152338e12 1.e-7
8.207393151178333e12 1.e-7
8.93930379792617e12 1.e-7
9.736484035755625e12 1.e-7
1.0604754410574592e13 1.e-7
1.1550454527076463e13 1.e-7
1.2580489336841938e13 1.e-7
1.370237955427483e13 1.e-7
1.492431656847949e13 1.e-7
1.6255222252013979e13 1.e-7
1.7704814103209074e13 1.e-7
1.9283676197681734e13 1.e-7
2.1003336467093363e13 1.e-7
2.2876350869393133e13 1.e-7
2.4916395065112566e13 1.e-7
2.713836426907519e13 1.e-7