#Columns: M [M_sun], f_PBH
3.162277660168379e-8 1.010468511708959
3.981071705534969e-8 0.6900254541538118
5.011872336272725e-8 0.6910545033562635
6.30957344480193e-8 0.7349895827780657
7.943282347242822e-8 0.6678769537962673
1.e-7 0.5576028337746874
1.2589254117941662e-7 0.4505202616040903
1.584893192461114e-7 0.3591471759195709
1.9952623149688787e-7 0.2850325054898319
2.5118864315095823e-7 0.22851499094051184
3.162277660168379e-7 0.18418220029309346
3.981071705534969e-7 0.1489171609914179
5.011872336272725e-7 0.12056501537312359
6.30957344480193e-7 0.09790541995077211
7.943282347242822e-7 0.07973120100474057
1.e-6 0.06520727994943247
1.2589254117941661e-6 0.05361833861204059
1.584893192461114e-6 0.044295525758783316
1.9952623149688787e-6 0.03685798924588904
2.5118864315095823e-6 0.030974048087073925
3.162277660168379e-6 0.02634010604166328
3.981071705534969e-6 0.022711708692999606
5.011872336272725e-6 0.019891558596498438
6.309573444801943e-6 0.01771665389563587
7.943282347242822e-6 0.016053498598848737
0.00001 0.014787735590073377
0.000012589254117941661 0.01382075348047028
0.00001584893192461114 0.01307322776194127
0.00001995262314968883 0.012493248899782101
0.000025118864315095822 0.012061863369245125
0.000031622776601683795 0.01178669819088167
0.000039810717055349695 0.011688727823077586
0.00005011872336272725 0.011793611453956134
0.00006309573444801943 0.012128861698116921
0.00007943282347242822 0.01272425318515959
0.0001 0.013615048360675683
0.00012589254117941674 0.014841347433653236
0.00015848931924611142 0.016439109833905063
0.0001995262314968881 0.01843613208071693
0.0002511886431509582 0.02086992408187729
0.00031622776601683794 0.02382617153903163
0.00039810717055349773 0.027481579039077244
0.0005011872336272725 0.03212990882524845
0.000630957344480193 0.03816966737093364
0.0007943282347242822 0.046054168385527026
0.001 0.05620014063853032
0.0012589254117941688 0.06886602851541938
0.001584893192461114 0.08412038676697663
0.001995262314968883 0.10203777270565643
0.002511886431509582 0.12297610306372946
0.0031622776601683794 0.14765001116487977
0.003981071705534978 0.1769594118150818
0.005011872336272725 0.21175818469816104
0.006309573444801942 0.2527201443959918
0.00794328234724282 0.3001807482975644
0.01 0.35411554063342726
0.012589254117941687 0.41430402770490854
0.01584893192461114 0.48051468357614746
0.01995262314968883 0.5528515854229252
0.025118864315095822 0.6318695731551778
0.03162277660168379 0.7183431358473561
0.039810717055349776 0.8126550138599393
0.05011872336272725 0.9144801026752459
0.06309573444801943 1.022734961452719
0.07943282347242822 1.1362934533860714
0.1 1.2535523908898993