#Columns: M [M_sun], f_PBH
3.162277660168379e-6 4.82998347671225
3.981071705534969e-6 1.0332123994461435
5.011872336272725e-6 0.26694941906634145
6.30957344480193e-6 0.09363040906290511
7.943282347242822e-6 0.03144597999811623
0.00001 0.01856844482557735
0.000012589254117941661 0.012762138544277001
0.00001584893192461114 0.01039587395272248
0.000019952623149688786 0.009124261761477013
0.000025118864315095822 0.008687129538147645
0.000031622776601683795 0.00873311375534783
0.000039810717055349695 0.009268868811109401
0.00005011872336272725 0.010238500603511396
0.00006309573444801929 0.012243644279575713
0.00007943282347242822 0.015215827222144424
0.0001 0.018186078556919914
0.00012589254117941674 0.020463488492951962
0.00015848931924611142 0.022114296722481365
0.00019952623149688788 0.02238708194709804
0.0002511886431509582 0.022872758838920898
0.00031622776601683794 0.024340398265373497
0.00039810717055349735 0.027294822813866988
0.0005011872336272725 0.03165236715461462
0.0006309573444801936 0.03754945948404206
0.0007943282347242822 0.04519571842390004
0.001 0.05515888442672613
0.0012589254117941675 0.06770773076082481
0.001584893192461114 0.08289253852220876
0.0019952623149688807 0.10076794201591834
0.002511886431509582 0.12167500142185975
0.0031622776601683794 0.146297741356072
0.003981071705534973 0.17564030393468805
0.005011872336272725 0.2103759455753846
0.006309573444801936 0.251362604337317
0.00794328234724282 0.2988497255007159
0.01 0.35278308328784386
0.012589254117941675 0.4131346888402539
0.01584893192461114 0.47955095302107975
0.01995262314968881 0.5520614557549384
0.025118864315095822 0.6312769831013295
0.03162277660168379 0.7179049834185349
0.039810717055349776 0.8123441720011098
0.05011872336272725 0.9142851727098923
0.0630957344480193 1.0225983342566713
0.07943282347242822 1.1362063776996871
0.1 1.253502663005418