#Columns: M_EDO [M_sun], f_EDO
0.00017782794100389227 1.
0.00020125653905811187 0.7379516353724046
0.00022777182418573218 0.5445726161488064
0.00025778046336132206 0.40186825266604037
0.0002917427014001166 0.2965593342591552
0.00033017941976827184 0.21963318883099311
0.0003736801253821156 0.16375458892803713
0.00042291199192122386 0.12209250130964874
0.00047863009232263854 0.09102999173108607
0.000541688979392785 0.06787033851936272
0.0006130557921498208 0.059905871900800316
0.0006938250889094058 0.05688784036545034
0.0007852356346100719 0.05402185593432163
0.0008886893998466987 0.05130025854103274
0.0010057730630017381 0.04880494192394918
0.0011382823452540318 0.04820465770315702
0.0012882495516931337 0.047611756774538286
0.0014579747409393298 0.04702614832610522
0.0016500610013202269 0.04644774266282667
0.0018674543746373513 0.04606397283959172
0.0021134890398366475 0.04596927347081516
0.0023919384495683137 0.04587476878716659
0.0027070732039213576 0.04578045838840782
0.0030637265489467814 0.045686341875123555
0.0034673685045253167 0.04565726283393403
0.003924189758484536 0.04565049951350648
0.004441196613655889 0.04564373719494591
0.005026318444082006 0.04563697587810389
0.005688529308438413 0.045630844387121734
0.006437985585864097 0.045630844387121734
0.0072861817451322745 0.045630844387121734
0.008246126636205156 0.045630844387121734
0.009332543007969905 0.045630844387121734
0.010562093312174685 0.045630844387121734
0.011953635256737183 0.045630844387121734
0.013528511027866499 0.045630844387121734
0.015310874616820304 0.045630844387121734
0.01732806227153304 0.045630844387121734
0.019611011754760474 0.045630844387121734
0.02219473683893497 0.045630844387121734
0.025118864315095794 0.045630844387121734
0.028428241752041873 0.045630844387121734
0.032173625326955994 0.045630844387121734
0.03641245827681179 0.045630844387121734
0.04120975190973302 0.045630844387121734
0.04663908268844406 0.045630844387121734
0.05278372067815767 0.045630844387121734
0.05973790666599232 0.045630844387121734
0.06760829753919818 0.045630844387121734
0.07651560209006901 0.045630844387121734
0.08659643233600653 0.045630844387121734
0.0980053987485756 0.045630844387121734
0.11091748152624009 0.045630844387121734
0.1255307142791725 0.045630844387121734
0.1420692212860182 0.045630844387121734
0.16078665490525604 0.045630844387121734
0.18197008586099836 0.045630844387121734
0.20594440606884376 0.045630844387121734
0.23307731152826375 0.045630844387121734
0.2637849417045266 0.04563084438712171
0.29853826189179594 0.04563084438712171
0.3378702864441982 0.04563084438712171
0.38238425365811257 0.04563084438712171
0.432762877684483 0.045630844387121734
0.48977881936844614 0.045630844387121734
0.5543065366083505 0.045630844387121734
0.6273356959840379 0.045630844387121734
0.709986351349566 0.045630844387121734
0.8035261221856171 0.045630844387121734
0.9093896351773159 0.045630844387121734
1.029200527194428 0.045630844387121734
1.1647963471353528 0.045630844387121734
1.318256738556407 0.045630844387121734
1.4919353353255642 0.045630844387121734
1.688495859486753 0.045630844387121734
1.9109529749704404 0.046510276589583746
2.16271852372702 0.048062730415164026
2.447653853410146 0.049667003173188555
2.770129039163733 0.05132482451365751
3.1350899078017394 0.05303798182008619
3.548133892335754 0.05523934328369615
4.01559588023713 0.05756588337094088
4.544645372095087 0.059990411385915994
5.14339644080062 0.06251705432992852
5.821032177708712 0.06515011302304234
6.587945534419238 0.06789406942488048
7.455898720277814 0.07075359426376071
8.438203600288407 0.073733554987151
9.549925860214358 0.07683902404697782
10.808116070163775 0.08007528753389036
12.232071190499314 0.08344785417517812
13.843630530808692 0.08696246471165786
15.667510701081484 0.09062510166949053
17.731684692264285 0.09444199954356286
20.06781090018189 0.0984196554097668
22.71171867279765 0.10256483998424047
25.703957827688633 0.10688460914839713
29.090420567727598 0.11138631595935813
32.92304533334064 0.11607762316623506
37.26061338637683 0.12096651625356543
42.169650342858226 0.12606131703410484
47.72544648148744 0.13137069781411265
54.013211476463475 0.1369036961552434
61.12938126483169 0.14266973025817148
69.18309709189363 0.14867861499413454
78.2978794189102 0.15494057861168484
88.61352236594999 0.16146628014708614
100.28823774509836 0.16826682756799216
113.50108156723144 0.17535379668129025
128.45470023787485 0.18273925083729564
145.37843856076623 0.19043576146383523
164.5318572168125 0.1984564294651753
186.20871366628674 0.2068149075222173
210.74146752966985 0.2155254233319203
238.50637954651052 0.22460280382550948
269.9292823154293 0.23406250040669307
305.49211132155125 0.24392061525284897
345.740296418239 0.2541939287239495
391.2911271268528 0.26489992792588146
442.8432200537844 0.27605683647677837
501.18723362727195 0.2876836455270363
567.21799448674 0.2998001460858126
641.948221508036 0.31242696270903453
726.5240579509924 0.3255855886062612
822.2426499470712 0.33929842222615625
930.572040929699 0.3535888053828471
1053.173687129716 0.36848106298807015
1191.927939457827 0.38400054445673126
1348.9628825916532 0.40017366685636163
1526.6869735746868 0.4170279598739231
1727.8259805078628 0.4345921126764958
1955.4647878653102 0.45289602274561985
2213.0947096056366 0.4719708467684169
2504.6670357235853 0.491849053672112
2834.653633489665 0.5125644798922366
3208.115532823637 0.5341523869685867
3630.780547701014 0.5566495215669746
4109.131124078122 0.5800941780289458
4650.503761666063 0.6045262635559284
5263.201534393047 0.6299873661387725
5956.621435290103 0.6565208253483096
6741.398498898492 0.6841718061074281
7629.568911615328 0.7129873755702416
8634.754611613354 0.7430165832392104
9772.372209558102 0.7743105444565921
11059.8694343556 0.8069225274123389
12516.992730317255 0.8409080438165448
14166.090109900439 0.8763249433907861
16032.453906900417 0.9132335123391946
18144.708686925966 0.9471886290541274
20535.25026457146 0.958708063391291
23240.74256052579 0.9703675937593591
26302.679918953814 0.9821689239657668
29768.02350945557 0.9941137785391634
33689.92157414906 1.
38128.52456636187 1.
43151.9076827765 1.
48837.11493797625 1.
55271.34079444345 1.
62553.267470760664 1.
70794.57843841374 1.
80121.67131981425 1.
90677.5964583904 1.
102624.25089274532 1.
116144.86138403414 1.
131446.79457894206 1.
148764.73740795002 1.
168364.29649690195 1.
190546.07179632483 1.
215650.26690607335 1.
244061.90680419814 1.
276216.74300475226 1.
312607.9367123956 1.
353793.62247385486 1.
400405.4683305464 1.
453158.36376008176 1.
512861.3839913648 1.
580430.1988538248 1.
656901.1164762662 1.
743446.9772246267 1.
841395.1416451947 1.
952247.8482957596 1.
1.0777052536943213e6 1.
1.219691507750833e6 1.
1.3803842646028837e6 1.
1.562248081465289e6 1.
1.768072217734318e6 1.
2.0010134140743425e6 1.
2.2646443075930574e6 1.
2.563008225652553e6 1.
2.90068119869315e6 1.
3.28284214316546e6 1.
3.715352290971728e6 1.
4.204845083631882e6 1.
4.758827909888171e6 1.
5.38579724710572e6 1.
6.095368972401693e6 1.
6.8984258420948265e6 1.
7.807284401379069e6 1.
8.835883884127874e6 1.
1.e7 1.