#Columns: M_EDO [M_sun], f_EDO
0.01778279410038923 1.
0.01966753809283338 0.7808737944083811
0.021752040340195223 0.6097638827937426
0.024057472609339513 0.4761486368503366
0.0266072505979881 0.3718119927597006
0.029427271762092817 0.29033824159280897
0.03254617834980458 0.22726055887020702
0.03599564831360897 0.17895397419254347
0.039810717055349734 0.1409154542192048
0.044030133272024145 0.11096241548924593
0.04869675251658631 0.08737620525322055
0.05385797247105718 0.06880348819725222
0.05956621435290106 0.06063038294805724
0.0658794553441924 0.058132245503286294
0.07286181745132278 0.055737038147185766
0.08058421877614819 0.05344051987885484
0.08912509381337459 0.05123862443821797
0.09857119009006164 0.049127453106225426
0.10901844923851278 0.04841321594775986
0.12057298145138745 0.04792797695309884
0.13335214321633243 0.04744760144204101
0.14748572927641249 0.046972040668560144
0.16311729092278388 0.046501246375204724
0.18040559400917866 0.04609043537117046
0.19952623149688797 0.04601329544731836
0.22067340690845905 0.04593628462981562
0.24406190680419806 0.045859402702581535
0.26992928231542945 0.045782649449897087
0.298538261891796 0.04570602465640419
0.3301794197682721 0.045659936981173134
0.3651741272548378 0.04565443155462165
0.4038778168243261 0.045648926791884516
0.44668359215096326 0.0456434226928817
0.49402622076585995 0.04563791925753316
0.5463865498818544 0.04563241648575889
0.604296390238133 0.045630844387121734
0.6683439175686149 0.045630844387121734
0.7391796465554599 0.045630844387121734
0.8175230379436503 0.045630844387121734
0.9041698059234508 0.045630844387121734
1.0000000000000004 0.045630844387121734
1.10598694343556 0.045630844387121734
1.223207119049932 0.045630844387121734
1.352851102786651 0.045630844387121734
1.496235656094434 0.045630844387121734
1.6548170999431822 0.045630844387121734
1.8302061063110568 0.045980604025711434
2.0241840573760626 0.04722601010221151
2.2387211385683408 0.048505148582368506
2.4759963492497747 0.04981893312404702
2.7384196342643627 0.051168302131960545
3.028656361143965 0.05255421942795129
3.3496543915782784 0.054189503695810874
3.7046740221071586 0.05604004905817368
4.097321098135417 0.05795378965032464
4.5315836376008205 0.05993288355881985
5.011872336272725 0.06197956256782834
5.543065366083509 0.06409613467586997
6.13055792149821 0.06628498669849853
6.780317017152463 0.06854858695986558
7.498942093324562 0.07088948807619946
8.29373204479629 0.07331032983433917
9.172759353897801 0.07581384216856846
10.144952080687368 0.07840284823910747
11.220184543019641 0.08108026761573348
12.409377607517202 0.08384911957012083
13.724609610075625 0.08671252648061228
15.179239032493854 0.08967371735326206
16.788040181225615 0.0927360314631205
18.56735324630707 0.09590292211986723
20.53525026457147 0.09917796056203848
22.711718672797677 0.1025648399842405
25.11886431509582 0.1060673797018905
27.781135966425374 0.10968952945818143
30.725573652674484 0.11343537387812742
33.98208328942561 0.11730913707471279
37.58374042884445 0.12131518741233886
41.567126199773135 0.12545804243294006
45.97269885308725 0.12974237395032465
50.84520468600942 0.1341730133184847
56.234132519034965 0.1387549568798161
62.19421634147768 0.14349337159939296
68.78599123088081 0.14839360089164952
76.07640819262707 0.15346117064604067
84.13951416451955 0.15870179545847557
93.05720409297 0.16412138507555182
102.92005271944286 0.16972605105885735
113.8282345254033 0.17552211367685477
125.89254117941688 0.18151610903212
139.2355068203585 0.18771479643197336
153.99265260594936 0.19412516601081342
170.31386316718778 0.2007544466127501
188.3649089489802 0.20761011394342652
208.32912989900018 0.21469989900022013
230.4092976055847 0.22203179679033277
254.8296747979349 0.22961407534659856
281.8382931264455 0.23745528505117683
311.7094723580129 0.24556426827764555
344.7466065731498 0.2539501693623669
381.2852456636191 0.2626224449163706
421.6965034285827 0.27159087448938296
466.3908268844413 0.2808655715980269
515.8221650723061 0.2904569951306304
570.4925797046327 0.3003759611415033
630.9573444801937 0.31063365504798246
697.830584859867 0.3212416442440022
771.7915155850135 0.33221189114440836
853.5913392913666 0.34355676667473284
944.0608762859246 0.355289064221636
1044.119002980565 0.3674220140597499
1154.7819846894593 0.3799692982711914
1277.1737975811448 0.3929450661745683
1412.5375446227554 0.40636395028088146
1562.2480814652922 0.420241082794311
1727.8259805078644 0.434592112676496
1910.9529749704425 0.4494332232935531
2113.4890398366497 0.46478115066573067
2337.4912831534903 0.4806532023402803
2585.234839562194 0.4970672769088282
2859.235978270511 0.5140418841912539
3162.2776601683827 0.5315961661088403
3497.437803664184 0.5497499182702319
3868.120546330525 0.5685236122945406
4278.0908198763855 0.5879384188967783
4731.512589614813 0.6080162317616424
5232.991146814952 0.6287796922325821
5787.619883491215 0.6502522148439835
6401.032024709314 0.6724580137252657
7079.457843841388 0.6954221299066655
7829.787941891036 0.7191704595575004
8659.643233600662 0.7437297831887543
9577.452351172426 0.7691277958529198
10592.537251772897 0.7953931383751464
11715.207898315613 0.8225554296509217
12956.866975170216 0.8506453000466995
14330.125702369656 0.8796944259411451
15848.93192461114 0.9097355654459456
17528.711776018943 0.9408025953464729
19386.526359522097 0.9533328629270781
21441.245032200757 0.9627593434628084
23713.737056616603 0.9722790322983322
26227.083564681914 0.9818928510700029
29006.81198693156 0.9916017305272427
32081.1553282364 1.
35481.3389233576 1.
39241.897584845436 1.
43401.026364474405 1.
48000.968490811196 1.
53088.4444230989 1.
58715.12637925176 1.
64938.16315762127 1.
71820.76058301724 1.
79432.82347242821 1.
87851.66564072728 1.
97162.79515771077 1.
107460.78283213197 1.
118850.22274370214 1.
131446.79457894232 1.
145378.43856076637 1.
160786.65490525635 1.
177827.94100389266 1.
196675.3809283343 1.
217520.40340195244 1.
240574.72609339538 1.
266072.5059798814 1.
294272.7176209288 1.
325461.7834980467 1.
359956.48313608987 1.
398107.17055349774 1.
440301.33272024215 1.
486967.5251658641 1.
538579.7247105732 1.
595662.1435290109 1.
658794.5534419246 1.
728618.1745132289 1.
805842.1877614835 1.
891250.9381337477 1.
985711.900900617 1.
1.090184492385129e6 1.
1.2057298145138763e6 1.
1.3335214321633268e6 1.
1.4748572927641282e6 1.
1.6311729092278397e6 1.
1.8040559400917885e6 1.
1.9952623149688828e6 1.
2.2067340690845945e6 1.
2.4406190680419863e6 1.
2.699292823154296e6 1.
2.9853826189179635e6 1.
3.3017941976827253e6 1.
3.6517412725483845e6 1.
4.03877816824327e6 1.
4.466835921509635e6 1.
4.940262207658604e6 1.
5.463865498818551e6 1.
6.042963902381341e6 1.
6.683439175686163e6 1.
7.391796465554617e6 1.
8.17523037943651e6 1.
9.041698059234519e6 1.
1.000000000000002e7 1.