#Columns: M_EDO [M_sun], f_EDO
1.7782794100389228 1.
1.921985026888304 1.
2.0773037255725635 1.
2.2451739778971906 1.
2.4266100950824154 1.
2.6227083564681903 1.
2.8346536334896673 1.
3.0637265489467813 1.
3.311311214825911 0.8532430548217106
3.578903595427346 0.6527667846037046
3.868120546330522 0.4993940151917154
4.18070958381256 0.3820574028758385
4.518559443749224 0.29228996474095587
4.883711493797628 0.2236141031300302
5.278372067815768 0.17107418368934935
5.704925797046321 0.13654831694373898
6.165950018614822 0.13134732127041113
6.664230348401748 0.1263444265814046
7.202777512383409 0.12153208739841985
7.784845538140539 0.11690304564325768
8.413951416451951 0.11245031969102245
9.093896351773159 0.10816719384027823
9.828788730000323 0.1040472081842771
10.623068942296111 0.10333072119885972
11.481536214968829 0.10355943639159652
12.409377607517195 0.10378865782912466
13.41219935405371 0.10401838663198092
14.496060737478816 0.10424862392318227
15.667510701081493 0.10447937082823146
16.93362741878218 0.10471062847512251
18.302061063110568 0.10549883244340828
19.7810800293324 0.10725285915928169
21.379620895022324 0.10903604837533393
23.10734241695 0.1108488849481575
24.97468389154143 0.11269186179558512
26.992928231542944 0.11456548003071583
29.174270140011675 0.11647024909817001
31.531889793555933 0.11840668691260937
34.080032480036515 0.12107619954476849
36.834094671918606 0.12383354493798815
39.810717055349734 0.12665368511371747
43.02788507706685 0.12953805013752606
46.50503761666063 0.1324881026427775
50.26318444082008 0.13550533857231623
54.32503314924333 0.1385912879370458
58.715126379251664 0.141937387811228
63.45999009812872 0.14552002742635192
68.5882938792019 0.14919309639775602
74.13102413009177 0.15295887725155383
80.12167131981434 0.15681971012706875
86.59643233600653 0.16077799423104774
93.59442919496426 0.16483618932858182
101.15794542598982 0.1690163221346883
109.33268155833919 0.17341750213170393
118.16803125447844 0.17793328872482497
127.71737975811435 0.1825666662664025
138.03842646028852 0.1873206968212337
149.19353353255647 0.19219852219019212
161.25010273377416 0.19720336598655241
174.2809826672464 0.20233853576638292
188.3649089489802 0.20763501414448202
203.58697994664092 0.21308004461472585
220.03917096373996 0.21866786582257253
237.8208899758712 0.22440222231910528
257.03957827688646 0.23028695685269268
277.8113596642536 0.23632601294411898
300.26174208612673 0.24252343752924482
324.5263759896437 0.24888487610627072
350.75187395256796 0.25541623968939786
379.0966965506812 0.26211900263966376
409.73210981354174 0.2689976629064905
442.8432200537849 0.2760568364767784
478.6300923226385 0.28330126047250503
517.3089592496281 0.29073579632961377
559.1135275705602 0.2983654330603242
604.2963902381329 0.3061952906010532
653.130552647473 0.31423062324819545
705.91108219841 0.32247682318406534
762.9568911615336 0.3309394240953698
824.6126636205165 0.3396241048866387
891.2509381337459 0.3485366934911045
963.2743586991879 0.35768317078158973
1041.1181076233397 0.36706967458402573
1125.2525349942316 0.3767025037962952
1216.1860006463678 0.3865881226151644
1314.4679457894233 0.39673316487414123
1420.6922128601832 0.40714443849516857
1535.500633657068 0.41782893005714195
1659.5869074375614 0.4287938094843156
1793.7007924109307 0.4400464348577454
1938.6526359522077 0.4515943573529942
2095.318270910042 0.4634453263074181
2264.644307593062 0.4756072944204276
2447.6538534101487 0.488088423090218
2645.4526947240515 0.5008970878905501
2859.235978270508 0.5140418841912537
3090.295432513592 0.5275316329262281
3340.0271725703865 0.5413753865128091
3609.940135864167 0.5555824349264755
3901.66519947627 0.5701623119349704
4216.965034285822 0.5851248014960218
4557.744755438338 0.6004799443229561
4926.063433495776 0.6162380446226086
5324.1465358211835 0.6324096770100543
5754.399373371572 0.6490056936047992
6219.421634147764 0.6660372313131918
6722.02309111567 0.6835157193019452
7265.240579509924 0.7014528866677817
7852.356346100726 0.7198607703083498
8486.917881294376 0.7387517229996908
9172.759353897804 0.7581384216856825
9914.024778060793 0.778033875985015
10715.193052376071 0.7984514369214136
11581.105022429316 0.8194048058829626
12516.992730317255 0.8409080438165448
13528.51102786652 0.8629755806635687
14621.771744567182 0.885622225043307
15803.380616672333 0.908863174190358
17080.477200597077 0.9327140241528825
18460.778011783943 0.9487876445621624
19952.62314968883 0.9560166854109264
21565.026690607334 0.9633008060574645
23307.73115282641 0.9706404261679797
25191.26636319197 0.9780359686062121
27227.013080779154 0.9854878594578026
29427.27176209282 0.9929965280548404
31805.336883295236 1.
34375.57726853155 1.
37153.52290971728 1.
40155.958802371366 1.
43401.026364474405 1.
46908.33305114779 1.
50699.070827470445 1.
54796.144215275526 1.
59224.308687613055 1.
64010.320247093136 1.
69183.09709189362 1.
74773.8943462597 1.
80816.49291125384 1.
87347.40357683986 1.
94406.08762859246 1.
102035.19528198785 1.
110280.8233849553 1.
119192.79394578272 1.
128824.95516931349 1.
139235.50682035863 1.
150487.35188025146 1.
162648.4766213338 1.
175792.36139586932 1.
189998.4246214735 1.
205352.50264571462 1.
221947.36838934993 1.
239883.29190194947 1.
259268.6462169245 1.
280220.5621666751 1.
302865.6361143965 1.
327340.6948788386 1.
353793.62247385486 1.
382384.253658113 1.
413285.33969398285 1.
446683.5921509635 1.
482780.8110605315 1.
521795.10423900257 1.
563962.2051458351 1.
609536.8972401693 1.
658794.5534419246 1.
712032.7999992026 1.
769573.3148155098 1.
831763.7711026708 1.
898979.938103481 1.
971627.9515771078 1.
1.0501467677660838e6 1.
1.1350108156723166e6 1.
1.2267328636677647e6 1.
1.3258671177605607e6 1.
1.4330125702369628e6 1.
1.5488166189124826e6 1.
1.6739789788604744e6 1.
1.809255910253822e6 1.
1.9554647878653142e6 1.
2.1134890398366475e6 1.
2.28428348555735e6 1.
2.468880104906209e6 1.
2.668394273714445e6 1.
2.8840315031266115e6 1.
3.1170947235801285e6 1.
3.368992157414913e6 1.
3.641245827681181e6 1.
3.9355007545577805e6 1.
4.253534894947756e6 1.
4.597269885308728e6 1.
4.968782652628518e6 1.
5.370317963702532e6 1.
5.80430198853826e6 1.
6.273356959840385e6 1.
6.78031701715247e6 1.
7.328245331389044e6 1.
7.920452613228867e6 1.
8.560517117200948e6 1.
9.252306262333173e6 1.
1.e7 1.